13168890 0  
13821580 0  38415 2  5243110 4  13112350 3  51210 0  3174324 0  15410165 5  2982645 2  56540 6  
13821580 1  56540 0  15410165 2  5243110 2  38415 7  3174324 2  2982645 7  13112350 1  51210 0  
13821580 1  56540 0  15410165 2  5243110 2  38415 7  13112350 1  2982645 7  51210 1  3174324 0  
13821580 1  56540 0  15410165 2  5243110 2  13112350 0  38415 4  2982645 7  51210 1  3174324 3  
13821580 1  56540 2  15410165 3  5243110 3  38415 1  51210 1  13112350 1  3174324 1  2982645 6  
13821580 1  56540 2  15410165 3  5243110 4  38415 0  51210 1  13112350 1  3174324 1  2982645 6  
13821580 1  38415 2  2982645 5  3174324 3  13112350 3  5243110 7  51210 1  15410165 0  56540 2  
13821580 1  38415 2  2982645 5  3174324 3  5243110 5  51210 1  13112350 3  15410165 4  56540 0  
13821580 1  38415 2  2982645 5  3174324 3  15410165 3  5243110 7  51210 1  13112350 1  56540 6  
13821580 1  38415 2  2982645 5  3174324 3  15410165 7  5243110 7  51210 1  13112350 1  56540 0  
13821580 1  3174324 1  2982645 5  38415 0  13112350 3  5243110 7  51210 1  15410165 0  56540 2  
13821580 1  3174324 1  2982645 5  38415 0  5243110 5  51210 1  13112350 3  15410165 4  56540 0  
13821580 1  3174324 1  2982645 5  38415 0  15410165 3  5243110 7  51210 1  13112350 1  56540 6  
13821580 1  3174324 1  2982645 5  38415 0  15410165 7  5243110 7  51210 1  13112350 1  56540 0  
13821580 1  51210 0  56540 5  2982645 1  5243110 1  15410165 7  13112350 2  3174324 3  38415 2  
13821580 1  51210 1  38415 0  13112350 2  15410165 7  3174324 2  2982645 7  5243110 6  56540 6  
13821580 1  51210 1  38415 0  13112350 2  15410165 7  5243110 5  56540 3  2982645 7  3174324 3  
13821580 2  51210 0  38415 1  2982645 1  5243110 3  15410165 6  13112350 0  3174324 3  56540 6  
13821580 4  15410165 2  56540 4  38415 1  13112350 1  3174324 2  5243110 7  2982645 4  51210 0  
13821580 4  38415 6  5243110 4  13112350 3  51210 0  3174324 0  15410165 5  2982645 2  56540 6  
13821580 4  51210 0  38415 5  3174324 1  5243110 3  13112350 3  15410165 0  56540 0  2982645 6  
13821580 4  51210 0  3174324 3  38415 7  5243110 3  13112350 3  15410165 0  56540 0  2982645 6  
13821580 7  56540 4  38415 6  15410165 3  5243110 3  51210 1  13112350 1  3174324 1  2982645 6  
2982645 0  56540 0  15410165 2  13112350 0  38415 4  3174324 2  5243110 2  51210 0  13821580 6  
2982645 0  56540 0  15410165 2  13821580 4  5243110 2  38415 6  13112350 1  3174324 3  51210 0  
2982645 0  56540 0  15410165 2  13821580 4  38415 4  51210 1  13112350 0  5243110 4  3174324 3  
2982645 0  56540 0  15410165 2  13821580 4  38415 4  51210 1  13112350 1  3174324 2  5243110 0  
2982645 0  56540 0  15410165 2  13821580 4  38415 4  51210 1  3174324 0  5243110 2  13112350 3  
2982645 0  56540 0  15410165 2  13821580 4  38415 4  51210 1  3174324 1  13112350 2  5243110 6  
2982645 0  56540 0  15410165 2  13821580 4  3174324 1  13112350 0  51210 0  5243110 3  38415 6  
2982645 0  56540 0  15410165 2  13821580 4  3174324 2  13112350 1  38415 2  51210 0  5243110 6  
2982645 0  56540 0  15410165 2  13821580 4  3174324 2  13112350 1  38415 4  5243110 0  51210 0  
2982645 0  56540 0  15410165 2  13821580 4  3174324 2  5243110 1  38415 3  13112350 1  51210 0  
2982645 0  56540 0  15410165 2  13821580 4  3174324 2  5243110 2  13112350 1  38415 0  51210 0  
2982645 0  56540 0  15410165 2  13821580 4  3174324 2  5243110 4  13112350 1  38415 6  51210 0  
2982645 0  56540 0  15410165 2  13821580 4  3174324 2  5243110 7  38415 5  13112350 1  51210 0  
2982645 0  56540 0  15410165 2  13821580 4  3174324 2  38415 1  5243110 3  13112350 1  51210 0  
2982645 0  56540 0  15410165 2  13821580 4  3174324 2  38415 2  13112350 1  5243110 0  51210 0  
2982645 0  56540 0  15410165 2  13821580 4  3174324 2  38415 4  13112350 1  5243110 6  51210 0  
2982645 0  56540 0  15410165 2  13821580 4  3174324 2  38415 7  5243110 5  13112350 1  51210 0  
2982645 0  56540 0  15410165 2  13821580 4  13112350 1  51210 1  5243110 1  38415 3  3174324 0  
2982645 0  56540 0  15410165 2  13821580 4  13112350 1  51210 1  5243110 2  3174324 0  38415 0  
2982645 0  56540 0  15410165 2  13821580 4  13112350 1  51210 1  5243110 4  3174324 0  38415 6  
2982645 0  56540 0  15410165 2  13821580 4  13112350 1  51210 1  5243110 7  38415 5  3174324 0  
2982645 0  56540 0  15410165 2  13821580 4  13112350 1  51210 1  38415 1  3174324 3  5243110 7  
2982645 0  56540 0  15410165 2  13821580 4  13112350 1  51210 1  38415 1  5243110 3  3174324 0  
2982645 0  56540 0  15410165 2  13821580 4  13112350 1  51210 1  38415 2  3174324 0  5243110 0  
2982645 0  56540 0  15410165 2  13821580 4  13112350 1  51210 1  38415 4  3174324 0  5243110 6  
2982645 0  56540 0  15410165 2  13821580 4  13112350 1  51210 1  38415 7  3174324 2  5243110 7  
2982645 0  56540 0  15410165 2  13821580 4  13112350 1  51210 1  38415 7  5243110 5  3174324 0  
2982645 0  56540 0  15410165 2  13821580 4  13112350 1  51210 1  3174324 0  5243110 2  38415 6  
2982645 0  56540 0  15410165 2  13821580 4  13112350 1  51210 1  3174324 0  38415 5  5243110 7  
2982645 0  56540 0  15410165 2  13821580 4  13112350 1  51210 1  3174324 1  38415 3  5243110 7  
2982645 0  56540 0  15410165 2  13821580 4  13112350 2  5243110 6  38415 1  3174324 3  51210 0  
2982645 0  56540 0  15410165 2  13821580 4  13112350 2  5243110 6  38415 7  3174324 2  51210 0  
2982645 0  56540 0  15410165 2  13821580 4  13112350 2  5243110 6  3174324 0  38415 5  51210 0  
2982645 0  56540 0  15410165 2  13821580 4  13112350 2  5243110 6  3174324 1  38415 3  51210 0  
2982645 0  56540 0  15410165 2  13821580 4  13112350 3  51210 1  3174324 1  5243110 6  38415 0  
2982645 0  51210 0  13821580 5  15410165 4  3174324 0  38415 3  13112350 3  5243110 0  56540 6  
2982645 0  51210 0  5243110 5  56540 7  13112350 1  15410165 1  13821580 5  3174324 1  38415 6  
2982645 0  51210 0  5243110 5  56540 7  13112350 1  3174324 1  15410165 0  13821580 0  38415 3  
2982645 0  51210 0  5243110 5  56540 7  13112350 1  3174324 1  38415 7  13821580 0  15410165 6  
2982645 0  51210 0  5243110 5  56540 7  13112350 1  3174324 2  15410165 0  38415 4  13821580 2  
2982645 0  51210 0  5243110 5  56540 7  13112350 1  3174324 2  15410165 4  38415 0  13821580 2  
2982645 0  51210 0  5243110 5  56540 7  13112350 1  3174324 2  15410165 4  38415 4  13821580 6  
2982645 0  51210 0  5243110 5  56540 7  13112350 1  3174324 2  15410165 4  13821580 0  38415 2  
2982645 0  51210 0  5243110 5  56540 7  13112350 1  3174324 2  15410165 4  13821580 4  38415 6  
2982645 0  51210 0  5243110 5  15410165 4  38415 2  13821580 3  3174324 0  13112350 1  56540 0  
2982645 0  51210 0  5243110 5  15410165 4  38415 4  13821580 3  3174324 3  13112350 1  56540 0  
2982645 0  51210 0  5243110 5  15410165 4  3174324 1  13821580 3  13112350 1  38415 6  56540 0  
2982645 0  51210 0  5243110 5  15410165 4  3174324 2  13112350 0  13821580 2  38415 0  56540 6  
2982645 0  51210 0  5243110 5  15410165 4  3174324 2  13821580 3  13112350 1  38415 0  56540 0  
2982645 0  51210 0  5243110 5  15410165 4  3174324 2  13821580 3  13112350 1  38415 6  56540 6  
2982645 0  51210 0  5243110 5  13821580 4  15410165 6  38415 1  13112350 3  3174324 0  56540 0  
2982645 0  51210 0  5243110 5  13821580 4  15410165 6  56540 5  3174324 0  13112350 3  38415 4  
2982645 0  51210 0  56540 5  15410165 0  38415 4  5243110 1  13112350 3  3174324 3  13821580 4  
2982645 0  51210 0  56540 5  15410165 4  13821580 5  5243110 7  3174324 1  13112350 3  38415 0  
2982645 0  51210 0  56540 5  15410165 4  5243110 1  38415 0  13112350 3  3174324 3  13821580 4  
2982645 0  51210 0  56540 5  15410165 4  5243110 1  38415 3  13112350 2  3174324 3  13821580 6  
2982645 0  51210 0  56540 5  13821580 4  5243110 1  15410165 0  38415 0  13112350 2  3174324 3  
2982645 0  51210 0  56540 5  13821580 4  5243110 1  15410165 4  13112350 3  3174324 3  38415 4  
2982645 0  51210 0  56540 5  13821580 4  5243110 1  13112350 0  15410165 2  3174324 3  38415 2  
2982645 0  51210 0  56540 5  13821580 4  5243110 1  13112350 1  38415 6  15410165 6  3174324 3  
2982645 1  5243110 2  56540 5  38415 6  13112350 1  51210 1  13821580 7  3174324 1  15410165 6  
2982645 1  56540 4  15410165 5  5243110 2  38415 7  51210 1  13821580 7  3174324 3  13112350 3  
2982645 1  56540 4  38415 2  5243110 2  13821580 7  3174324 2  15410165 7  13112350 1  51210 0  
2982645 1  56540 4  38415 2  5243110 2  13821580 7  13112350 1  15410165 7  51210 1  3174324 0  
2982645 1  56540 4  13112350 2  5243110 2  15410165 0  3174324 0  38415 7  13821580 6  51210 0  
2982645 1  56540 4  13112350 2  5243110 2  38415 7  51210 1  13821580 7  15410165 3  3174324 3  
2982645 1  56540 4  13112350 2  5243110 2  13821580 7  38415 1  15410165 7  51210 1  3174324 0  
2982645 1  56540 4  13112350 2  5243110 2  13821580 7  3174324 0  15410165 7  38415 1  51210 0  
2982645 1  51210 0  56540 3  5243110 2  38415 7  13112350 3  15410165 7  3174324 3  13821580 2  
2982645 1  51210 0  56540 3  5243110 2  13112350 0  38415 3  15410165 7  3174324 3  13821580 2  
2982645 1  13112350 1  13821580 6  5243110 0  38415 6  56540 0  15410165 5  3174324 3  51210 0  
2982645 1  13112350 1  38415 6  56540 3  5243110 0  15410165 6  13821580 1  3174324 3  51210 0  
2982645 1  13112350 1  38415 6  56540 3  5243110 0  13821580 7  51210 1  3174324 1  15410165 6  
2982645 1  13112350 1  38415 6  15410165 3  5243110 0  56540 0  3174324 2  51210 0  13821580 0  
2982645 1  13821580 3  5243110 0  38415 5  56540 7  3174324 2  15410165 7  13112350 1  51210 0  
2982645 1  13821580 3  5243110 0  38415 5  56540 7  13112350 1  15410165 7  51210 1  3174324 0  
2982645 1  13821580 3  51210 0  15410165 7  5243110 3  38415 3  13112350 0  3174324 3  56540 6  
2982645 2  5243110 0  38415 5  13821580 1  15410165 1  3174324 2  13112350 0  51210 0  56540 6  
2982645 2  38415 0  15410165 5  56540 1  13112350 1  3174324 0  5243110 4  13821580 0  51210 0  
2982645 2  38415 0  15410165 5  56540 7  13112350 0  3174324 0  5243110 4  13821580 0  51210 0  
2982645 2  51210 0  13821580 1  5243110 3  15410165 1  56540 7  13112350 0  3174324 2  38415 5  
2982645 2  51210 0  13821580 1  5243110 3  13112350 1  15410165 6  38415 0  3174324 3  56540 6  
2982645 2  51210 0  13821580 1  56540 3  15410165 1  5243110 1  13112350 0  3174324 2  38415 0  
2982645 2  51210 0  56540 1  38415 6  13112350 1  15410165 5  5243110 4  3174324 3  13821580 0  
2982645 2  51210 0  56540 1  5243110 3  15410165 1  13821580 7  3174324 2  13112350 3  38415 0  
2982645 2  51210 0  56540 1  5243110 3  13112350 1  15410165 6  3174324 3  13821580 0  38415 2  
2982645 2  51210 0  56540 1  5243110 3  13112350 1  15410165 6  3174324 3  13821580 4  38415 6  
2982645 2  51210 0  56540 1  5243110 3  13112350 1  15410165 6  3174324 3  38415 0  13821580 2  
2982645 2  51210 0  56540 1  5243110 3  13112350 1  15410165 6  3174324 3  38415 4  13821580 6  
2982645 2  51210 0  56540 7  13112350 0  5243110 3  15410165 6  3174324 3  13821580 0  38415 2  
2982645 2  51210 0  56540 7  13112350 0  5243110 3  15410165 6  3174324 3  13821580 4  38415 6  
2982645 2  51210 0  56540 7  13112350 0  5243110 3  15410165 6  3174324 3  38415 0  13821580 2  
2982645 2  51210 0  56540 7  13112350 0  5243110 3  15410165 6  3174324 3  38415 4  13821580 6  
2982645 2  51210 0  56540 7  13112350 0  38415 6  15410165 5  5243110 4  3174324 3  13821580 0  
2982645 2  13821580 4  56540 1  38415 5  13112350 1  51210 1  15410165 3  3174324 2  5243110 0  
2982645 2  13821580 4  56540 7  13112350 0  38415 5  51210 1  15410165 3  3174324 2  5243110 0  
2982645 4  5243110 2  56540 3  13112350 3  38415 1  13821580 7  51210 1  3174324 1  15410165 6  
2982645 4  5243110 2  56540 3  13112350 3  38415 1  15410165 6  13821580 1  3174324 3  51210 0  
2982645 4  5243110 2  15410165 3  13112350 3  38415 1  56540 0  3174324 2  51210 0  13821580 0  
2982645 4  15410165 2  56540 4  13112350 0  38415 4  3174324 2  5243110 2  51210 0  13821580 6  
2982645 4  15410165 2  56540 4  13821580 4  5243110 2  38415 6  13112350 1  3174324 3  51210 0  
2982645 4  15410165 2  56540 4  13821580 4  38415 4  51210 1  13112350 0  5243110 4  3174324 3  
2982645 4  15410165 2  56540 4  13821580 4  38415 4  51210 1  13112350 1  3174324 2  5243110 0  
2982645 4  15410165 2  56540 4  13821580 4  38415 4  51210 1  3174324 0  5243110 2  13112350 3  
2982645 4  15410165 2  56540 4  13821580 4  38415 4  51210 1  3174324 1  13112350 2  5243110 6  
2982645 4  15410165 2  56540 4  13821580 4  3174324 1  13112350 0  51210 0  5243110 3  38415 6  
2982645 4  15410165 2  56540 4  13821580 4  3174324 2  13112350 1  38415 2  51210 0  5243110 6  
2982645 4  15410165 2  56540 4  13821580 4  3174324 2  13112350 1  38415 4  5243110 0  51210 0  
2982645 4  15410165 2  56540 4  13821580 4  3174324 2  5243110 1  38415 3  13112350 1  51210 0  
2982645 4  15410165 2  56540 4  13821580 4  3174324 2  5243110 2  13112350 1  38415 0  51210 0  
2982645 4  15410165 2  56540 4  13821580 4  3174324 2  5243110 4  13112350 1  38415 6  51210 0  
2982645 4  15410165 2  56540 4  13821580 4  3174324 2  5243110 7  38415 5  13112350 1  51210 0  
2982645 4  15410165 2  56540 4  13821580 4  3174324 2  38415 1  5243110 3  13112350 1  51210 0  
2982645 4  15410165 2  56540 4  13821580 4  3174324 2  38415 2  13112350 1  5243110 0  51210 0  
2982645 4  15410165 2  56540 4  13821580 4  3174324 2  38415 4  13112350 1  5243110 6  51210 0  
2982645 4  15410165 2  56540 4  13821580 4  3174324 2  38415 7  5243110 5  13112350 1  51210 0  
2982645 4  15410165 2  56540 4  13821580 4  13112350 1  51210 1  5243110 1  38415 3  3174324 0  
2982645 4  15410165 2  56540 4  13821580 4  13112350 1  51210 1  5243110 2  3174324 0  38415 0  
2982645 4  15410165 2  56540 4  13821580 4  13112350 1  51210 1  5243110 4  3174324 0  38415 6  
2982645 4  15410165 2  56540 4  13821580 4  13112350 1  51210 1  5243110 7  38415 5  3174324 0  
2982645 4  15410165 2  56540 4  13821580 4  13112350 1  51210 1  38415 1  3174324 3  5243110 7  
2982645 4  15410165 2  56540 4  13821580 4  13112350 1  51210 1  38415 1  5243110 3  3174324 0  
2982645 4  15410165 2  56540 4  13821580 4  13112350 1  51210 1  38415 2  3174324 0  5243110 0  
2982645 4  15410165 2  56540 4  13821580 4  13112350 1  51210 1  38415 4  3174324 0  5243110 6  
2982645 4  15410165 2  56540 4  13821580 4  13112350 1  51210 1  38415 7  3174324 2  5243110 7  
2982645 4  15410165 2  56540 4  13821580 4  13112350 1  51210 1  38415 7  5243110 5  3174324 0  
2982645 4  15410165 2  56540 4  13821580 4  13112350 1  51210 1  3174324 0  5243110 2  38415 6  
2982645 4  15410165 2  56540 4  13821580 4  13112350 1  51210 1  3174324 0  38415 5  5243110 7  
2982645 4  15410165 2  56540 4  13821580 4  13112350 1  51210 1  3174324 1  38415 3  5243110 7  
2982645 4  15410165 2  56540 4  13821580 4  13112350 2  5243110 6  38415 1  3174324 3  51210 0  
2982645 4  15410165 2  56540 4  13821580 4  13112350 2  5243110 6  38415 7  3174324 2  51210 0  
2982645 4  15410165 2  56540 4  13821580 4  13112350 2  5243110 6  3174324 0  38415 5  51210 0  
2982645 4  15410165 2  56540 4  13821580 4  13112350 2  5243110 6  3174324 1  38415 3  51210 0  
2982645 4  15410165 2  56540 4  13821580 4  13112350 3  51210 1  3174324 1  5243110 6  38415 0  
2982645 4  38415 6  5243110 4  13112350 3  13821580 6  56540 0  15410165 5  3174324 3  51210 0  
2982645 5  56540 2  13112350 1  51210 1  5243110 3  15410165 6  3174324 3  13821580 0  38415 2  
2982645 5  56540 2  13112350 1  51210 1  5243110 3  15410165 6  3174324 3  13821580 4  38415 6  
2982645 5  56540 2  13112350 1  51210 1  5243110 3  15410165 6  3174324 3  38415 0  13821580 2  
2982645 5  56540 2  13112350 1  51210 1  5243110 3  15410165 6  3174324 3  38415 4  13821580 6  
2982645 5  56540 2  13112350 1  51210 1  38415 6  15410165 5  5243110 4  3174324 3  13821580 0  
2982645 5  15410165 1  38415 6  56540 3  51210 1  13821580 7  3174324 2  13112350 3  5243110 0  
2982645 5  15410165 1  13821580 6  51210 1  5243110 3  13112350 3  38415 0  3174324 3  56540 0  
2982645 5  15410165 1  13821580 6  51210 1  5243110 3  13112350 3  38415 6  3174324 3  56540 6  
2982645 7  5243110 4  38415 2  56540 3  13112350 1  13821580 7  51210 1  3174324 1  15410165 6  
2982645 7  5243110 4  38415 2  56540 3  13112350 1  15410165 6  13821580 1  3174324 3  51210 0  
2982645 7  5243110 4  38415 2  15410165 3  13112350 1  56540 0  3174324 2  51210 0  13821580 0  
2982645 7  5243110 4  13821580 2  13112350 1  38415 6  56540 0  15410165 5  3174324 3  51210 0  
2982645 7  56540 2  13821580 5  13112350 2  38415 1  3174324 0  51210 1  15410165 6  5243110 7  
2982645 7  56540 2  13821580 5  13112350 2  38415 1  15410165 7  5243110 7  51210 1  3174324 0  
2982645 7  56540 2  13821580 5  13112350 2  38415 3  5243110 7  3174324 0  15410165 6  51210 0  
2982645 7  56540 2  13821580 5  13112350 2  3174324 0  15410165 7  5243110 7  38415 1  51210 0  
2982645 7  56540 2  13821580 5  13112350 2  3174324 0  38415 5  15410165 0  5243110 4  51210 0  
2982645 7  56540 2  13821580 5  13112350 2  51210 1  5243110 5  15410165 3  3174324 2  38415 0  
2982645 7  56540 2  5243110 5  13112350 2  15410165 1  51210 1  13821580 5  3174324 1  38415 6  
2982645 7  56540 2  5243110 5  13112350 2  15410165 1  13821580 1  51210 1  3174324 3  38415 7  
2982645 7  56540 2  5243110 5  13112350 2  38415 2  13821580 0  3174324 0  15410165 0  51210 0  
2982645 7  56540 2  5243110 5  13112350 2  38415 2  13821580 0  3174324 3  15410165 6  51210 0  
2982645 7  56540 2  5243110 5  13112350 2  38415 3  51210 1  3174324 0  15410165 6  13821580 0  
2982645 7  56540 2  5243110 5  13112350 2  38415 4  3174324 0  13821580 6  15410165 6  51210 0  
2982645 7  56540 2  5243110 5  13112350 2  38415 4  13821580 0  3174324 3  15410165 0  51210 0  
2982645 7  56540 2  5243110 5  13112350 2  3174324 1  51210 1  15410165 0  13821580 0  38415 3  
2982645 7  56540 2  5243110 5  13112350 2  3174324 1  51210 1  38415 7  13821580 0  15410165 6  
2982645 7  56540 2  5243110 5  13112350 2  3174324 1  13821580 0  15410165 0  38415 6  51210 0  
2982645 7  56540 2  5243110 5  13112350 2  3174324 1  13821580 0  38415 0  15410165 6  51210 0  
2982645 7  56540 2  5243110 5  13112350 2  3174324 2  51210 1  15410165 0  38415 4  13821580 2  
2982645 7  56540 2  5243110 5  13112350 2  3174324 2  51210 1  15410165 4  38415 0  13821580 2  
2982645 7  56540 2  5243110 5  13112350 2  3174324 2  51210 1  15410165 4  38415 4  13821580 6  
2982645 7  56540 2  5243110 5  13112350 2  3174324 2  51210 1  15410165 4  13821580 0  38415 2  
2982645 7  56540 2  5243110 5  13112350 2  3174324 2  51210 1  15410165 4  13821580 4  38415 6  
2982645 7  56540 2  5243110 5  13112350 2  3174324 2  13821580 0  15410165 0  38415 0  51210 0  
2982645 7  56540 2  5243110 5  13112350 2  3174324 2  38415 5  15410165 0  51210 0  13821580 6  
2982645 7  56540 2  5243110 5  13112350 2  3174324 2  38415 5  15410165 0  13821580 4  51210 0  
2982645 7  56540 4  38415 5  15410165 4  3174324 2  13821580 1  5243110 3  13112350 1  51210 0  
2982645 7  56540 4  38415 5  15410165 4  13112350 1  13821580 1  51210 1  5243110 3  3174324 0  
2982645 7  56540 4  38415 5  15410165 4  13112350 1  13821580 1  51210 1  3174324 3  5243110 7  
2982645 7  56540 4  38415 5  15410165 4  13112350 1  51210 1  13821580 5  3174324 1  5243110 6  
2982645 7  56540 4  38415 5  15410165 4  13112350 2  13821580 1  5243110 6  3174324 3  51210 0  
2982645 7  56540 4  38415 5  15410165 4  13112350 2  51210 1  5243110 1  3174324 1  13821580 6  
2982645 7  56540 4  13821580 5  13112350 1  38415 1  3174324 0  51210 1  15410165 6  5243110 7  
2982645 7  56540 4  13821580 5  13112350 1  38415 1  15410165 7  5243110 7  51210 1  3174324 0  
2982645 7  56540 4  13821580 5  13112350 1  38415 3  5243110 7  3174324 0  15410165 6  51210 0  
2982645 7  56540 4  13821580 5  13112350 1  3174324 0  15410165 7  5243110 7  38415 1  51210 0  
2982645 7  56540 4  13821580 5  13112350 1  3174324 0  38415 5  15410165 0  5243110 4  51210 0  
2982645 7  56540 4  13821580 5  13112350 1  51210 1  5243110 5  15410165 3  3174324 2  38415 0  
2982645 7  56540 4  5243110 5  13112350 1  15410165 1  51210 1  13821580 5  3174324 1  38415 6  
2982645 7  56540 4  5243110 5  13112350 1  15410165 1  13821580 1  51210 1  3174324 3  38415 7  
2982645 7  56540 4  5243110 5  13112350 1  38415 2  13821580 0  3174324 0  15410165 0  51210 0  
2982645 7  56540 4  5243110 5  13112350 1  38415 2  13821580 0  3174324 3  15410165 6  51210 0  
2982645 7  56540 4  5243110 5  13112350 1  38415 3  51210 1  3174324 0  15410165 6  13821580 0  
2982645 7  56540 4  5243110 5  13112350 1  38415 4  3174324 0  13821580 6  15410165 6  51210 0  
2982645 7  56540 4  5243110 5  13112350 1  38415 4  13821580 0  3174324 3  15410165 0  51210 0  
2982645 7  56540 4  5243110 5  13112350 1  3174324 1  51210 1  15410165 0  13821580 0  38415 3  
2982645 7  56540 4  5243110 5  13112350 1  3174324 1  51210 1  38415 7  13821580 0  15410165 6  
2982645 7  56540 4  5243110 5  13112350 1  3174324 1  13821580 0  15410165 0  38415 6  51210 0  
2982645 7  56540 4  5243110 5  13112350 1  3174324 1  13821580 0  38415 0  15410165 6  51210 0  
2982645 7  56540 4  5243110 5  13112350 1  3174324 2  51210 1  15410165 0  38415 4  13821580 2  
2982645 7  56540 4  5243110 5  13112350 1  3174324 2  51210 1  15410165 4  38415 0  13821580 2  
2982645 7  56540 4  5243110 5  13112350 1  3174324 2  51210 1  15410165 4  38415 4  13821580 6  
2982645 7  56540 4  5243110 5  13112350 1  3174324 2  51210 1  15410165 4  13821580 0  38415 2  
2982645 7  56540 4  5243110 5  13112350 1  3174324 2  51210 1  15410165 4  13821580 4  38415 6  
2982645 7  56540 4  5243110 5  13112350 1  3174324 2  13821580 0  15410165 0  38415 0  51210 0  
2982645 7  56540 4  5243110 5  13112350 1  3174324 2  38415 5  15410165 0  51210 0  13821580 6  
2982645 7  56540 4  5243110 5  13112350 1  3174324 2  38415 5  15410165 0  13821580 4  51210 0  
2982645 7  13821580 4  5243110 2  13112350 1  38415 6  56540 0  15410165 5  3174324 3  51210 0  
2982645 7  13821580 4  5243110 4  38415 1  13112350 3  56540 0  15410165 5  3174324 3  51210 0  
2982645 7  13821580 4  13112350 2  15410165 4  38415 3  56540 5  51210 1  3174324 0  5243110 3  
2982645 7  13821580 4  13112350 2  15410165 4  38415 7  56540 5  51210 1  3174324 1  5243110 6  
2982645 7  13821580 4  13112350 2  15410165 4  3174324 1  56540 0  38415 3  51210 0  5243110 4  
2982645 7  13821580 4  13112350 2  15410165 4  3174324 2  51210 1  38415 1  5243110 6  56540 6  
2982645 7  13821580 4  13112350 2  15410165 4  3174324 2  5243110 5  51210 0  38415 0  56540 6  
2982645 7  13821580 4  13112350 2  15410165 4  5243110 5  56540 3  51210 1  38415 1  3174324 3  
2982645 7  13821580 4  13112350 2  15410165 4  5243110 5  56540 3  51210 1  38415 7  3174324 2  
2982645 7  13821580 4  13112350 2  15410165 4  5243110 5  56540 3  51210 1  3174324 0  38415 5  
2982645 7  13821580 4  13112350 2  15410165 4  5243110 5  56540 3  51210 1  3174324 1  38415 3  
5243110 0  56540 2  15410165 3  38415 1  3174324 1  13821580 6  2982645 3  13112350 1  51210 0  
5243110 0  56540 2  15410165 3  38415 1  3174324 1  2982645 3  51210 1  13112350 0  13821580 4  
5243110 0  56540 2  15410165 3  38415 1  3174324 1  2982645 5  13112350 0  13821580 4  51210 0  
5243110 0  56540 2  15410165 3  38415 1  3174324 1  2982645 5  13112350 0  51210 0  13821580 6  
5243110 1  56540 0  15410165 2  38415 2  13112350 1  3174324 2  13821580 3  2982645 4  51210 0  
5243110 1  38415 3  2982645 1  56540 5  13112350 1  51210 1  13821580 3  3174324 1  15410165 6  
5243110 1  38415 4  13112350 2  15410165 4  13821580 1  56540 7  3174324 2  2982645 4  51210 0  
5243110 2  56540 4  13112350 0  15410165 5  38415 2  13821580 1  51210 1  3174324 1  2982645 6  
5243110 2  51210 0  56540 3  13112350 0  38415 2  13821580 3  3174324 0  15410165 6  2982645 6  
5243110 2  51210 0  56540 3  13112350 0  38415 2  2982645 7  13821580 1  3174324 3  15410165 0  
5243110 2  51210 0  15410165 3  13112350 0  38415 2  3174324 0  13821580 6  2982645 3  56540 6  
5243110 2  13112350 3  51210 0  15410165 0  38415 6  3174324 0  13821580 6  2982645 3  56540 6  
5243110 2  2982645 1  56540 5  38415 0  13112350 1  51210 1  13821580 3  3174324 1  15410165 6  
5243110 4  2982645 1  56540 5  38415 6  13112350 1  51210 1  13821580 3  3174324 1  15410165 6  
5243110 5  15410165 4  56540 5  13112350 1  38415 0  13821580 1  51210 1  3174324 1  2982645 6  
5243110 5  3174324 1  2982645 5  56540 7  38415 4  51210 1  15410165 3  13112350 2  13821580 6  
5243110 7  56540 2  13821580 5  2982645 6  51210 1  38415 5  15410165 3  13112350 0  3174324 2  
5243110 7  15410165 5  51210 0  13112350 3  38415 6  3174324 0  13821580 6  2982645 3  56540 6  
5243110 7  38415 5  2982645 1  56540 5  13112350 1  51210 1  13821580 3  3174324 1  15410165 6  
56540 1  38415 2  2982645 5  3174324 3  51210 1  5243110 3  15410165 3  13112350 2  13821580 6  
56540 1  38415 4  13112350 2  15410165 4  13821580 1  3174324 2  5243110 7  2982645 4  51210 0  
56540 1  38415 4  13112350 2  15410165 4  5243110 1  3174324 2  2982645 0  51210 0  13821580 6  
56540 1  38415 4  13112350 2  15410165 4  5243110 1  3174324 2  2982645 0  13821580 4  51210 0  
56540 1  3174324 1  2982645 5  38415 0  51210 1  5243110 3  15410165 3  13112350 2  13821580 6  
56540 1  51210 0  13821580 5  2982645 1  3174324 0  15410165 0  5243110 6  13112350 0  38415 2  
56540 1  51210 0  13821580 5  5243110 2  2982645 7  3174324 0  15410165 0  13112350 0  38415 2  
56540 1  13821580 2  5243110 5  3174324 3  38415 4  13112350 0  51210 1  15410165 0  2982645 2  
56540 2  2982645 5  5243110 4  13821580 6  51210 1  38415 5  15410165 3  13112350 0  3174324 2  
56540 2  2982645 5  15410165 0  5243110 0  3174324 0  51210 1  13112350 0  13821580 0  38415 6  
56540 2  2982645 5  15410165 0  5243110 0  3174324 0  51210 1  13112350 1  13821580 0  38415 2  
56540 2  2982645 5  15410165 0  5243110 0  3174324 0  51210 1  13112350 1  13821580 4  38415 6  
56540 2  2982645 5  15410165 0  5243110 0  3174324 0  51210 1  13112350 1  38415 0  13821580 2  
56540 2  2982645 5  15410165 0  5243110 0  3174324 0  51210 1  13112350 1  38415 4  13821580 6  
56540 2  2982645 5  15410165 0  5243110 0  3174324 0  13821580 0  13112350 0  51210 0  38415 2  
56540 2  2982645 5  15410165 1  5243110 2  13821580 3  38415 1  51210 1  13112350 3  3174324 0  
56540 2  2982645 5  15410165 1  5243110 2  13821580 3  3174324 0  13112350 3  38415 1  51210 0  
56540 2  2982645 5  15410165 1  5243110 2  13821580 7  38415 1  51210 1  13112350 0  3174324 0  
56540 2  2982645 5  15410165 1  5243110 2  13821580 7  3174324 0  13112350 0  38415 1  51210 0  
56540 2  2982645 5  38415 4  5243110 2  51210 1  13821580 5  15410165 3  13112350 3  3174324 1  
56540 2  2982645 5  38415 4  5243110 2  13821580 5  51210 1  15410165 3  13112350 0  3174324 2  
56540 2  2982645 5  13112350 1  5243110 2  15410165 0  3174324 0  38415 7  13821580 6  51210 0  
56540 2  2982645 5  13112350 1  5243110 2  38415 7  51210 1  13821580 7  15410165 3  3174324 3  
56540 2  2982645 5  13112350 1  5243110 2  13821580 7  38415 1  15410165 7  51210 1  3174324 0  
56540 2  2982645 5  13112350 1  5243110 2  13821580 7  3174324 0  15410165 7  38415 1  51210 0  
56540 2  2982645 5  13821580 1  5243110 7  15410165 0  3174324 0  13112350 0  38415 2  51210 0  
56540 2  2982645 5  13821580 5  5243110 7  15410165 0  3174324 0  13112350 0  51210 0  38415 2  
56540 4  13112350 2  5243110 3  15410165 4  38415 7  3174324 2  2982645 0  51210 0  13821580 6  
56540 4  13112350 2  5243110 3  15410165 4  38415 7  3174324 2  2982645 0  13821580 4  51210 0  
56540 4  13112350 2  38415 6  15410165 4  5243110 4  3174324 2  2982645 0  51210 0  13821580 6  
56540 4  13112350 2  38415 6  15410165 4  5243110 4  3174324 2  2982645 0  13821580 4  51210 0  
56540 4  2982645 5  5243110 4  13821580 0  51210 1  38415 5  15410165 3  13112350 0  3174324 2  
56540 4  5243110 6  15410165 3  38415 5  3174324 1  13821580 6  2982645 3  13112350 1  51210 0  
56540 4  5243110 6  15410165 3  38415 5  3174324 1  2982645 3  51210 1  13112350 0  13821580 4  
56540 4  5243110 6  15410165 3  38415 5  3174324 1  2982645 5  13112350 0  13821580 4  51210 0  
56540 4  5243110 6  15410165 3  38415 5  3174324 1  2982645 5  13112350 0  51210 0  13821580 6  
56540 4  5243110 6  15410165 3  3174324 3  13821580 7  13112350 1  38415 2  2982645 6  51210 0  
56540 4  5243110 6  15410165 3  3174324 3  13821580 7  13112350 2  2982645 2  38415 7  51210 0  
56540 4  5243110 6  15410165 3  3174324 3  38415 7  13821580 6  2982645 3  13112350 1  51210 0  
56540 4  5243110 6  15410165 3  3174324 3  38415 7  2982645 3  51210 1  13112350 0  13821580 4  
56540 4  5243110 6  15410165 3  3174324 3  38415 7  2982645 5  13112350 0  13821580 4  51210 0  
56540 4  5243110 6  15410165 3  3174324 3  38415 7  2982645 5  13112350 0  51210 0  13821580 6  
56540 4  5243110 6  15410165 3  13821580 6  2982645 4  38415 2  13112350 2  3174324 0  51210 0  
56540 4  5243110 6  15410165 3  13821580 6  2982645 4  38415 4  13112350 2  3174324 3  51210 0  
56540 4  5243110 6  15410165 3  13821580 6  2982645 4  3174324 1  13112350 2  51210 0  38415 6  
56540 4  5243110 6  15410165 3  13821580 6  2982645 4  3174324 2  13112350 2  51210 0  38415 0  
56540 7  15410165 5  38415 0  13112350 2  5243110 5  3174324 2  2982645 0  51210 0  13821580 6  
56540 7  15410165 5  38415 0  13112350 2  5243110 5  3174324 2  2982645 0  13821580 4  51210 0  
56540 7  13112350 1  13821580 2  2982645 4  5243110 3  15410165 6  38415 1  3174324 3  51210 0  
56540 7  13112350 1  13821580 2  2982645 4  5243110 3  15410165 6  3174324 0  38415 5  51210 0  
56540 7  13112350 1  13821580 2  2982645 4  5243110 3  38415 3  15410165 4  3174324 3  51210 0  
56540 7  13112350 1  13821580 2  2982645 4  38415 6  15410165 3  51210 1  3174324 0  5243110 2  
15410165 0  38415 0  13821580 2  5243110 5  56540 7  13112350 1  3174324 2  2982645 4  51210 0  
15410165 0  38415 0  13821580 2  56540 5  2982645 4  5243110 1  13112350 2  3174324 3  51210 0  
15410165 0  38415 0  13821580 2  56540 5  2982645 4  51210 1  3174324 2  13112350 3  5243110 0  
15410165 0  38415 4  13821580 6  5243110 5  56540 7  13112350 1  3174324 2  2982645 4  51210 0  
15410165 0  38415 4  13821580 6  56540 5  2982645 4  5243110 1  13112350 2  3174324 3  51210 0  
15410165 0  38415 4  13821580 6  56540 5  2982645 4  51210 1  3174324 2  13112350 3  5243110 0  
15410165 0  51210 0  2982645 5  56540 7  13112350 1  5243110 0  38415 2  3174324 2  13821580 0  
15410165 0  51210 0  2982645 5  56540 7  13112350 1  5243110 0  3174324 0  13821580 2  38415 0  
15410165 0  51210 0  2982645 5  56540 7  13112350 1  5243110 0  3174324 1  38415 4  13821580 6  
15410165 0  51210 0  2982645 5  56540 7  13112350 1  5243110 0  13821580 4  3174324 3  38415 6  
15410165 0  51210 0  2982645 5  56540 7  13112350 1  5243110 5  13821580 3  38415 1  3174324 3  
15410165 0  51210 0  2982645 5  56540 7  13112350 1  5243110 5  13821580 3  38415 7  3174324 2  
15410165 0  51210 0  2982645 5  56540 7  13112350 1  5243110 5  13821580 3  3174324 0  38415 5  
15410165 0  51210 0  2982645 5  56540 7  13112350 1  5243110 5  13821580 3  3174324 1  38415 3  
15410165 0  51210 0  2982645 5  56540 7  13112350 1  38415 1  13821580 5  3174324 1  5243110 6  
15410165 0  51210 0  2982645 5  56540 7  13112350 1  3174324 0  38415 2  13821580 0  5243110 2  
15410165 0  51210 0  2982645 5  56540 7  13112350 1  3174324 0  38415 7  5243110 0  13821580 6  
15410165 0  51210 0  2982645 5  13821580 7  38415 4  3174324 0  13112350 3  5243110 0  56540 6  
15410165 0  51210 0  5243110 4  13821580 3  2982645 4  13112350 3  38415 0  3174324 3  56540 0  
15410165 0  51210 0  5243110 4  13821580 3  2982645 4  13112350 3  38415 6  3174324 3  56540 6  
15410165 0  51210 0  5243110 4  13821580 3  2982645 7  38415 4  13112350 3  3174324 3  56540 6  
15410165 0  51210 0  5243110 4  2982645 3  56540 7  13112350 1  13821580 4  3174324 3  38415 6  
15410165 0  51210 0  5243110 4  2982645 3  56540 7  13112350 1  38415 2  3174324 2  13821580 0  
15410165 0  51210 0  5243110 4  2982645 3  56540 7  13112350 1  3174324 0  13821580 2  38415 0  
15410165 0  51210 0  5243110 4  2982645 3  56540 7  13112350 1  3174324 1  38415 4  13821580 6  
15410165 0  13821580 0  38415 2  5243110 5  56540 7  13112350 1  3174324 2  2982645 4  51210 0  
15410165 0  13821580 0  38415 2  56540 5  2982645 4  5243110 1  13112350 2  3174324 3  51210 0  
15410165 0  13821580 0  38415 2  56540 5  2982645 4  51210 1  3174324 2  13112350 3  5243110 0  
15410165 0  13821580 4  38415 6  5243110 5  56540 7  13112350 1  3174324 2  2982645 4  51210 0  
15410165 0  13821580 4  38415 6  56540 5  2982645 4  5243110 1  13112350 2  3174324 3  51210 0  
15410165 0  13821580 4  38415 6  56540 5  2982645 4  51210 1  3174324 2  13112350 3  5243110 0  
15410165 1  38415 0  13821580 2  3174324 0  5243110 3  2982645 7  51210 1  13112350 1  56540 0  
15410165 1  38415 2  56540 5  13112350 0  5243110 4  13821580 1  51210 1  3174324 1  2982645 6  
15410165 1  38415 4  13821580 6  3174324 0  5243110 3  2982645 7  51210 1  13112350 1  56540 0  
15410165 1  51210 0  56540 3  3174324 0  13112350 0  13821580 1  5243110 3  2982645 0  38415 2  
15410165 1  51210 0  56540 3  3174324 0  13112350 3  13821580 1  5243110 3  2982645 6  38415 4  
15410165 1  51210 0  56540 3  3174324 0  13821580 3  5243110 0  13112350 3  2982645 6  38415 4  
15410165 1  51210 0  56540 3  3174324 0  13821580 3  38415 1  13112350 2  2982645 6  5243110 6  
15410165 1  51210 0  56540 3  3174324 0  13821580 3  38415 5  13112350 0  5243110 5  2982645 6  
15410165 1  51210 0  56540 3  3174324 0  13821580 7  2982645 7  38415 0  5243110 3  13112350 3  
15410165 1  51210 0  56540 3  3174324 0  13821580 7  5243110 0  2982645 6  13112350 3  38415 4  
15410165 1  51210 0  56540 3  3174324 0  13821580 7  38415 1  2982645 2  13112350 3  5243110 6  
15410165 1  13821580 0  38415 2  3174324 0  5243110 3  2982645 7  51210 1  13112350 1  56540 0  
15410165 1  13821580 0  13112350 2  3174324 0  2982645 1  56540 0  5243110 5  51210 0  38415 0  
15410165 1  13821580 0  13112350 2  3174324 0  2982645 1  51210 1  38415 2  5243110 5  56540 0  
15410165 1  13821580 0  13112350 2  3174324 0  2982645 5  56540 0  5243110 3  38415 7  51210 0  
15410165 1  13821580 0  13112350 2  3174324 0  2982645 5  51210 1  56540 4  38415 6  5243110 0  
15410165 1  13821580 0  13112350 2  3174324 0  2982645 5  51210 1  38415 1  5243110 2  56540 0  
15410165 1  13821580 0  13112350 2  3174324 0  2982645 6  56540 3  51210 1  38415 7  5243110 2  
15410165 1  13821580 0  13112350 2  3174324 0  5243110 2  56540 0  38415 3  2982645 6  51210 0  
15410165 1  13821580 0  13112350 2  3174324 0  5243110 4  51210 1  2982645 3  56540 4  38415 6  
15410165 1  13821580 0  13112350 2  3174324 0  38415 5  56540 3  51210 1  5243110 3  2982645 0  
15410165 1  13821580 4  38415 6  3174324 0  5243110 3  2982645 7  51210 1  13112350 1  56540 0  
15410165 1  2982645 1  56540 5  38415 5  13821580 3  5243110 1  13112350 2  3174324 3  51210 0  
15410165 1  2982645 1  56540 5  38415 5  13821580 3  51210 1  3174324 2  13112350 3  5243110 0  
15410165 1  2982645 1  56540 5  5243110 5  38415 7  51210 1  13821580 7  3174324 3  13112350 3  
15410165 1  5243110 3  51210 0  13112350 0  38415 6  3174324 0  13821580 6  2982645 3  56540 6  
15410165 1  56540 2  13112350 0  13821580 4  38415 6  51210 1  2982645 5  3174324 1  5243110 6  
15410165 1  56540 2  13112350 0  13821580 4  38415 6  51210 1  5243110 6  2982645 3  3174324 0  
15410165 1  56540 4  3174324 0  13112350 2  2982645 3  5243110 7  51210 1  38415 7  13821580 6  
15410165 1  56540 4  3174324 0  13112350 2  2982645 6  5243110 0  38415 3  51210 0  13821580 0  
15410165 1  56540 4  3174324 0  13112350 2  2982645 6  51210 1  13821580 3  38415 7  5243110 2  
15410165 1  56540 4  3174324 0  13112350 2  2982645 6  51210 1  38415 3  5243110 7  13821580 0  
15410165 1  56540 4  3174324 0  13112350 2  5243110 0  13821580 1  51210 0  2982645 6  38415 0  
15410165 1  56540 4  3174324 0  13112350 2  5243110 0  13821580 7  38415 0  2982645 2  51210 0  
15410165 1  56540 4  3174324 0  13112350 2  5243110 5  51210 1  2982645 3  13821580 4  38415 6  
15410165 1  56540 4  3174324 0  13112350 2  5243110 5  51210 1  38415 3  2982645 4  13821580 0  
15410165 1  56540 4  3174324 0  13112350 2  5243110 5  13821580 0  2982645 3  38415 1  51210 0  
15410165 1  56540 4  3174324 0  13112350 2  5243110 5  13821580 0  38415 3  2982645 0  51210 0  
15410165 1  56540 4  3174324 0  13112350 2  38415 3  5243110 7  51210 1  2982645 0  13821580 2  
15410165 1  56540 4  3174324 0  13112350 2  38415 5  51210 1  5243110 3  13821580 3  2982645 0  
15410165 1  56540 4  3174324 0  38415 2  13112350 2  51210 1  5243110 3  13821580 7  2982645 0  
15410165 1  56540 4  3174324 0  38415 2  13112350 2  51210 1  5243110 6  2982645 0  13821580 2  
15410165 1  56540 4  3174324 0  38415 2  2982645 1  51210 1  13112350 1  5243110 5  13821580 0  
15410165 1  56540 4  3174324 0  38415 2  2982645 1  13821580 0  13112350 0  5243110 5  51210 0  
15410165 1  56540 4  3174324 0  38415 2  2982645 5  51210 1  13112350 0  13821580 4  5243110 0  
15410165 1  56540 4  3174324 0  38415 2  2982645 5  13821580 0  13112350 1  51210 0  5243110 0  
15410165 1  56540 4  3174324 0  38415 2  5243110 4  51210 1  2982645 3  13112350 0  13821580 4  
15410165 1  56540 4  3174324 0  38415 2  5243110 4  13821580 0  2982645 3  13112350 1  51210 0  
15410165 1  56540 4  5243110 0  38415 2  13112350 1  3174324 2  13821580 7  2982645 4  51210 0  
15410165 2  51210 0  13112350 1  5243110 0  38415 6  3174324 0  13821580 6  2982645 3  56540 6  
15410165 2  51210 0  13821580 5  38415 7  5243110 3  2982645 7  13112350 3  3174324 3  56540 6  
15410165 4  38415 0  13112350 2  3174324 2  51210 1  5243110 5  56540 3  2982645 2  13821580 6  
15410165 4  51210 0  13112350 2  13821580 1  38415 6  56540 7  2982645 5  3174324 1  5243110 6  
15410165 4  51210 0  13112350 2  13821580 1  38415 6  56540 7  5243110 6  2982645 3  3174324 0  
15410165 4  51210 0  13112350 2  5243110 6  38415 6  3174324 0  13821580 6  2982645 3  56540 6  
15410165 4  51210 0  13821580 1  38415 3  5243110 3  2982645 7  13112350 3  3174324 3  56540 6  
15410165 4  51210 0  3174324 2  5243110 3  56540 1  38415 3  13112350 0  13821580 0  2982645 6  
15410165 4  51210 0  3174324 2  5243110 3  56540 1  38415 3  13112350 1  2982645 6  13821580 4  
15410165 4  51210 0  3174324 2  5243110 3  56540 1  38415 7  2982645 0  13821580 0  13112350 3  
15410165 4  51210 0  3174324 2  5243110 3  56540 1  38415 7  2982645 4  13112350 3  13821580 4  
15410165 4  51210 0  3174324 2  5243110 3  56540 1  13112350 0  2982645 0  13821580 0  38415 6  
15410165 4  51210 0  3174324 2  5243110 3  56540 1  13112350 0  2982645 4  38415 0  13821580 2  
15410165 4  51210 0  3174324 2  5243110 3  56540 1  13112350 0  2982645 4  38415 4  13821580 6  
15410165 4  51210 0  3174324 2  5243110 3  56540 1  13112350 0  2982645 4  13821580 0  38415 2  
15410165 4  51210 0  3174324 2  5243110 3  56540 1  13112350 0  2982645 4  13821580 4  38415 6  
15410165 4  51210 0  3174324 2  5243110 3  56540 1  13112350 3  2982645 0  38415 5  13821580 2  
15410165 4  51210 0  3174324 2  5243110 3  56540 1  13112350 3  38415 1  2982645 6  13821580 4  
15410165 4  51210 0  3174324 2  5243110 3  56540 7  38415 7  13112350 3  2982645 6  13821580 4  
15410165 4  51210 0  3174324 2  5243110 3  56540 7  13112350 0  38415 3  2982645 6  13821580 4  
15410165 4  51210 0  3174324 2  5243110 3  38415 1  2982645 7  13821580 3  13112350 1  56540 0  
15410165 4  51210 0  3174324 2  5243110 3  38415 5  2982645 7  13821580 7  13112350 1  56540 0  
15410165 4  51210 0  3174324 2  5243110 3  13821580 1  2982645 7  38415 3  13112350 1  56540 0  
15410165 4  51210 0  3174324 2  5243110 3  13821580 5  2982645 7  38415 7  13112350 1  56540 0  
15410165 4  51210 0  3174324 2  5243110 3  13821580 5  2982645 7  13112350 0  38415 4  56540 0  
15410165 4  51210 0  3174324 2  5243110 3  2982645 0  56540 7  13112350 3  38415 5  13821580 4  
15410165 4  51210 0  3174324 2  5243110 3  2982645 0  13821580 7  38415 6  13112350 3  56540 0  
15410165 4  51210 0  3174324 2  56540 3  2982645 0  5243110 1  13112350 3  13821580 4  38415 0  
15410165 4  51210 0  3174324 2  38415 6  13821580 5  56540 6  2982645 3  13112350 0  5243110 2  
15410165 4  51210 0  3174324 2  38415 6  5243110 5  56540 6  2982645 3  13112350 0  13821580 2  
15410165 4  51210 0  3174324 2  38415 6  56540 1  13112350 1  13821580 2  2982645 6  5243110 0  
15410165 4  51210 0  3174324 2  38415 6  56540 1  13112350 1  2982645 4  5243110 5  13821580 0  
15410165 4  51210 0  3174324 2  38415 6  56540 1  13112350 2  2982645 0  13821580 4  5243110 0  
15410165 4  51210 0  3174324 2  38415 6  56540 1  5243110 4  2982645 0  13821580 0  13112350 3  
15410165 4  51210 0  3174324 2  38415 6  56540 1  5243110 4  2982645 4  13112350 3  13821580 4  
15410165 4  13821580 4  3174324 2  38415 5  51210 1  2982645 3  5243110 7  13112350 3  56540 6  
15410165 4  13821580 4  3174324 2  38415 5  56540 1  5243110 0  13112350 0  51210 0  2982645 6  
15410165 4  13821580 4  3174324 2  38415 5  56540 1  5243110 0  13112350 1  2982645 2  51210 0  
15410165 4  13821580 4  3174324 2  38415 5  56540 1  5243110 0  2982645 0  51210 0  13112350 3  
15410165 4  13821580 4  3174324 2  38415 5  56540 1  5243110 0  2982645 4  13112350 2  51210 0  
15410165 4  13821580 4  3174324 2  38415 5  56540 7  13112350 0  5243110 0  2982645 2  51210 0  
15410165 4  13821580 6  5243110 5  38415 0  56540 7  13112350 1  3174324 2  2982645 4  51210 0  
15410165 4  13821580 6  56540 5  38415 0  2982645 4  5243110 1  13112350 2  3174324 3  51210 0  
15410165 4  13821580 6  56540 5  38415 0  2982645 4  51210 1  3174324 2  13112350 3  5243110 0  
15410165 4  5243110 0  38415 5  3174324 2  51210 1  13821580 3  56540 5  2982645 6  13112350 3  
15410165 4  5243110 0  38415 5  3174324 2  51210 1  13821580 7  56540 5  13112350 3  2982645 0  
15410165 4  5243110 0  38415 5  3174324 2  51210 1  13821580 7  56540 5  2982645 6  13112350 0  
15410165 4  5243110 0  38415 5  3174324 2  51210 1  2982645 5  13112350 3  13821580 2  56540 0  
15410165 4  5243110 0  38415 5  3174324 2  2982645 0  13821580 3  56540 5  13112350 3  51210 0  
15410165 4  5243110 0  38415 5  3174324 2  2982645 0  13821580 7  56540 5  13112350 0  51210 0  
15410165 4  5243110 0  38415 5  3174324 2  56540 1  13112350 1  13821580 5  2982645 4  51210 0  
15410165 4  5243110 0  38415 5  13112350 2  13821580 1  56540 7  3174324 2  2982645 4  51210 0  
15410165 4  56540 6  13821580 5  5243110 2  51210 1  3174324 0  13112350 3  2982645 0  38415 2  
15410165 4  56540 6  13821580 5  5243110 2  51210 1  3174324 0  2982645 6  13112350 0  38415 2  
15410165 4  56540 6  13821580 5  5243110 2  2982645 0  3174324 0  13112350 0  51210 0  38415 2  
15410165 4  56540 6  5243110 5  38415 2  13112350 1  3174324 2  13821580 3  2982645 4  51210 0  
15410165 5  13821580 1  2982645 5  56540 1  13112350 0  5243110 0  38415 1  3174324 3  51210 0  
15410165 5  13821580 1  2982645 5  56540 1  13112350 0  5243110 0  38415 7  3174324 2  51210 0  
15410165 5  13821580 1  2982645 5  56540 1  13112350 0  5243110 0  3174324 0  38415 5  51210 0  
15410165 5  13821580 1  2982645 5  56540 1  13112350 0  5243110 0  3174324 1  38415 3  51210 0  
15410165 5  13821580 1  2982645 5  56540 1  13112350 0  3174324 0  38415 7  51210 0  5243110 2  
15410165 5  13821580 1  5243110 4  56540 1  2982645 3  13112350 0  38415 1  3174324 3  51210 0  
15410165 5  13821580 1  5243110 4  56540 1  2982645 3  13112350 0  38415 7  3174324 2  51210 0  
15410165 5  13821580 1  5243110 4  56540 1  2982645 3  13112350 0  3174324 0  38415 5  51210 0  
15410165 5  13821580 1  5243110 4  56540 1  2982645 3  13112350 0  3174324 1  38415 3  51210 0  
15410165 5  2982645 1  5243110 5  56540 1  13112350 0  38415 4  13821580 5  3174324 0  51210 0  
15410165 5  2982645 1  5243110 5  56540 1  13821580 7  3174324 2  13112350 1  38415 0  51210 0  
15410165 5  2982645 1  5243110 5  56540 1  13821580 7  13112350 1  51210 1  3174324 0  38415 0  
15410165 5  2982645 1  5243110 5  51210 1  13112350 2  56540 6  3174324 0  13821580 0  38415 2  
15410165 5  2982645 1  5243110 5  51210 1  13112350 2  56540 6  3174324 0  13821580 4  38415 6  
15410165 5  2982645 1  5243110 5  51210 1  13112350 2  56540 6  3174324 0  38415 0  13821580 2  
15410165 5  2982645 1  5243110 5  51210 1  13112350 2  56540 6  3174324 0  38415 4  13821580 6  
15410165 5  2982645 1  5243110 5  51210 1  13112350 2  3174324 3  13821580 2  56540 0  38415 6  
15410165 5  2982645 1  5243110 5  51210 1  13821580 3  56540 5  38415 1  3174324 3  13112350 3  
15410165 5  2982645 1  5243110 5  51210 1  13821580 3  56540 5  38415 7  3174324 2  13112350 3  
15410165 5  2982645 1  5243110 5  51210 1  13821580 3  56540 5  3174324 0  38415 5  13112350 3  
15410165 5  2982645 1  5243110 5  51210 1  13821580 3  56540 5  3174324 1  38415 3  13112350 3  
15410165 5  2982645 1  5243110 5  51210 1  13821580 7  56540 5  38415 1  3174324 3  13112350 0  
15410165 5  2982645 1  5243110 5  51210 1  13821580 7  56540 5  38415 7  3174324 2  13112350 0  
15410165 5  2982645 1  5243110 5  51210 1  13821580 7  56540 5  3174324 0  38415 5  13112350 0  
15410165 5  2982645 1  5243110 5  51210 1  13821580 7  56540 5  3174324 1  38415 3  13112350 0  
15410165 5  2982645 1  5243110 5  51210 1  38415 2  3174324 0  13112350 0  13821580 4  56540 0  
15410165 5  2982645 1  5243110 5  51210 1  38415 2  3174324 3  13821580 2  13112350 3  56540 0  
15410165 5  2982645 1  5243110 5  51210 1  38415 2  56540 6  3174324 0  13112350 3  13821580 4  
15410165 5  2982645 1  5243110 5  51210 1  38415 4  3174324 3  13112350 0  13821580 4  56540 0  
15410165 5  2982645 1  5243110 5  51210 1  3174324 1  13112350 0  13821580 4  38415 6  56540 0  
15410165 5  2982645 1  5243110 5  51210 1  3174324 1  13112350 1  13821580 0  38415 3  56540 0  
15410165 5  2982645 1  5243110 5  51210 1  3174324 1  13821580 2  38415 0  13112350 3  56540 0  
15410165 5  2982645 1  5243110 5  51210 1  3174324 1  56540 4  13112350 3  13821580 6  38415 4  
15410165 5  2982645 1  5243110 5  51210 1  3174324 1  56540 4  13112350 3  38415 6  13821580 4  
15410165 5  2982645 1  5243110 5  51210 1  3174324 1  38415 2  13821580 0  13112350 3  56540 0  
15410165 5  2982645 1  5243110 5  51210 1  3174324 2  13112350 0  13821580 0  38415 2  56540 6  
15410165 5  2982645 1  5243110 5  51210 1  3174324 2  13112350 0  13821580 4  38415 0  56540 0  
15410165 5  2982645 1  5243110 5  51210 1  3174324 2  13112350 0  13821580 4  38415 6  56540 6  
15410165 5  2982645 1  5243110 5  51210 1  3174324 2  13112350 0  56540 2  38415 2  13821580 6  
15410165 5  2982645 1  5243110 5  51210 1  3174324 2  13112350 0  56540 4  38415 0  13821580 2  
15410165 5  2982645 1  5243110 5  51210 1  3174324 2  13112350 0  56540 4  38415 4  13821580 6  
15410165 5  2982645 1  5243110 5  51210 1  3174324 2  13112350 0  56540 4  13821580 0  38415 2  
15410165 5  2982645 1  5243110 5  51210 1  3174324 2  13112350 0  56540 4  13821580 4  38415 6  
15410165 5  2982645 1  5243110 5  51210 1  3174324 2  13112350 0  38415 0  13821580 2  56540 6  
15410165 5  2982645 1  5243110 5  51210 1  3174324 2  13112350 0  38415 4  13821580 6  56540 6  
15410165 5  2982645 1  5243110 5  51210 1  3174324 2  13112350 1  38415 2  13821580 4  56540 6  
15410165 5  2982645 1  5243110 5  51210 1  3174324 2  13112350 1  38415 4  56540 0  13821580 2  
15410165 5  2982645 1  5243110 5  13821580 5  56540 7  3174324 2  38415 5  13112350 1  51210 0  
15410165 5  2982645 1  5243110 5  13821580 5  56540 7  13112350 1  51210 1  38415 5  3174324 0  
15410165 5  2982645 1  56540 5  38415 1  13821580 3  5243110 1  13112350 2  3174324 3  51210 0  
15410165 5  2982645 1  56540 5  38415 1  13821580 3  51210 1  3174324 2  13112350 3  5243110 0  
15410165 5  2982645 1  56540 5  38415 5  13821580 7  5243110 1  13112350 2  3174324 3  51210 0  
15410165 5  2982645 1  56540 5  38415 5  13821580 7  51210 1  3174324 2  13112350 3  5243110 0  
15410165 5  2982645 1  56540 5  51210 1  13112350 3  13821580 7  3174324 1  5243110 6  38415 0  
15410165 5  2982645 1  56540 5  51210 1  13821580 1  38415 1  3174324 3  13112350 0  5243110 5  
15410165 5  2982645 1  56540 5  51210 1  13821580 1  38415 7  3174324 2  13112350 0  5243110 5  
15410165 5  2982645 1  56540 5  51210 1  13821580 1  3174324 0  38415 5  13112350 0  5243110 5  
15410165 5  2982645 1  56540 5  51210 1  13821580 1  3174324 1  38415 3  13112350 0  5243110 5  
15410165 5  2982645 1  56540 5  51210 1  13821580 5  5243110 1  38415 3  3174324 1  13112350 3  
15410165 5  2982645 1  56540 5  51210 1  13821580 5  5243110 2  3174324 1  13112350 3  38415 0  
15410165 5  2982645 1  56540 5  51210 1  13821580 5  5243110 4  3174324 1  13112350 3  38415 6  
15410165 5  2982645 1  56540 5  51210 1  13821580 5  5243110 7  38415 5  3174324 1  13112350 3  
15410165 5  2982645 1  56540 5  51210 1  13821580 5  38415 1  3174324 3  5243110 1  13112350 3  
15410165 5  2982645 1  56540 5  51210 1  13821580 5  38415 1  5243110 3  3174324 1  13112350 3  
15410165 5  2982645 1  56540 5  51210 1  13821580 5  38415 2  3174324 1  13112350 3  5243110 0  
15410165 5  2982645 1  56540 5  51210 1  13821580 5  38415 4  3174324 1  13112350 3  5243110 6  
15410165 5  2982645 1  56540 5  51210 1  13821580 5  38415 7  3174324 2  5243110 1  13112350 3  
15410165 5  2982645 1  56540 5  51210 1  13821580 5  38415 7  5243110 5  3174324 1  13112350 3  
15410165 5  2982645 1  56540 5  51210 1  13821580 5  3174324 0  5243110 2  13112350 3  38415 3  
15410165 5  2982645 1  56540 5  51210 1  13821580 5  3174324 0  38415 5  5243110 1  13112350 3  
15410165 5  2982645 1  56540 5  51210 1  13821580 5  3174324 1  13112350 2  38415 3  5243110 6  
15410165 5  2982645 1  56540 5  51210 1  13821580 5  3174324 1  38415 2  13112350 3  5243110 6  
15410165 5  2982645 1  56540 5  51210 1  13821580 5  3174324 1  38415 3  5243110 1  13112350 3  
15410165 5  2982645 1  56540 5  51210 1  13821580 5  13112350 0  5243110 4  3174324 3  38415 3  
15410165 5  2982645 1  56540 5  51210 1  13821580 5  13112350 1  3174324 2  38415 3  5243110 0  
15410165 5  2982645 1  56540 5  13821580 1  38415 3  51210 1  3174324 2  13112350 3  5243110 0  
15410165 5  2982645 1  56540 5  13821580 1  38415 3  5243110 1  13112350 2  3174324 3  51210 0  
15410165 5  2982645 1  56540 5  13821580 1  38415 7  51210 1  5243110 7  3174324 3  13112350 3  
15410165 5  2982645 1  56540 5  13821580 5  38415 7  51210 1  3174324 2  13112350 3  5243110 0  
15410165 5  2982645 1  56540 5  13821580 5  38415 7  5243110 1  13112350 2  3174324 3  51210 0  
15410165 5  2982645 1  56540 5  13821580 5  13112350 0  5243110 1  38415 5  3174324 3  51210 0  
15410165 5  2982645 1  56540 5  5243110 1  38415 7  51210 1  13821580 7  3174324 3  13112350 3  
15410165 5  2982645 1  13821580 5  56540 1  13112350 0  5243110 0  38415 1  3174324 3  51210 0  
15410165 5  2982645 1  13821580 5  56540 1  13112350 0  5243110 0  38415 7  3174324 2  51210 0  
15410165 5  2982645 1  13821580 5  56540 1  13112350 0  5243110 0  3174324 0  38415 5  51210 0  
15410165 5  2982645 1  13821580 5  56540 1  13112350 0  5243110 0  3174324 1  38415 3  51210 0  
15410165 5  2982645 1  13821580 5  56540 1  13112350 0  3174324 0  38415 7  51210 0  5243110 2  
15410165 5  56540 2  51210 1  13112350 1  5243110 3  13821580 3  38415 1  3174324 3  2982645 6  
15410165 5  56540 2  51210 1  13112350 1  5243110 3  13821580 3  38415 7  3174324 2  2982645 6  
15410165 5  56540 2  51210 1  13112350 1  5243110 3  13821580 3  3174324 0  38415 5  2982645 6  
15410165 5  56540 2  51210 1  13112350 1  5243110 3  13821580 3  3174324 1  38415 3  2982645 6  
15410165 5  56540 2  51210 1  13112350 1  38415 6  3174324 2  2982645 0  5243110 4  13821580 0  
15410165 5  56540 2  51210 1  13112350 1  38415 6  13821580 6  2982645 3  3174324 1  5243110 6  
15410165 5  56540 2  51210 1  13112350 1  38415 6  2982645 5  3174324 0  5243110 2  13821580 6  
15410165 7  51210 0  2982645 5  38415 2  5243110 0  3174324 0  13821580 2  13112350 3  56540 6  
15410165 7  51210 0  2982645 5  38415 2  5243110 5  3174324 0  13821580 3  13112350 2  56540 6  
15410165 7  51210 0  5243110 4  13112350 3  38415 2  3174324 0  13821580 6  2982645 3  56540 6  
15410165 7  51210 0  5243110 4  2982645 3  38415 2  3174324 0  13821580 2  13112350 3  56540 6  
15410165 7  13112350 1  51210 0  5243110 5  38415 6  3174324 0  13821580 6  2982645 3  56540 6  
15410165 7  2982645 4  5243110 2  13112350 1  38415 6  56540 0  3174324 2  51210 0  13821580 0  
15410165 7  2982645 4  5243110 4  38415 1  13112350 3  56540 0  3174324 2  51210 0  13821580 0  
38415 0  13821580 2  5243110 4  13112350 3  51210 0  3174324 0  15410165 5  2982645 2  56540 6  
38415 0  56540 2  5243110 5  13112350 3  15410165 1  3174324 2  13821580 3  2982645 4  51210 0  
38415 0  15410165 5  51210 0  3174324 1  5243110 3  2982645 7  13112350 0  13821580 4  56540 0  
38415 1  3174324 1  2982645 5  13112350 0  5243110 7  13821580 5  15410165 3  51210 0  56540 0  
38415 1  3174324 3  51210 0  5243110 3  56540 7  13112350 1  15410165 6  2982645 6  13821580 4  
38415 1  3174324 3  51210 0  5243110 3  15410165 4  2982645 7  13821580 3  13112350 1  56540 0  
38415 1  3174324 3  51210 0  5243110 3  13821580 4  13112350 3  15410165 0  56540 0  2982645 6  
38415 1  13821580 2  5243110 5  3174324 2  51210 1  2982645 3  56540 5  13112350 3  15410165 6  
38415 1  13821580 2  5243110 5  3174324 2  51210 1  2982645 6  15410165 3  13112350 3  56540 0  
38415 1  5243110 3  2982645 1  56540 5  13112350 1  51210 1  13821580 3  3174324 1  15410165 6  
38415 2  51210 0  15410165 3  13821580 0  56540 7  13112350 1  2982645 5  3174324 1  5243110 6  
38415 2  51210 0  15410165 3  13821580 0  56540 7  13112350 1  5243110 6  2982645 3  3174324 0  
38415 2  51210 0  15410165 3  56540 1  5243110 6  13821580 3  13112350 1  3174324 1  2982645 6  
38415 2  13821580 1  2982645 5  3174324 0  13112350 3  5243110 7  51210 1  15410165 0  56540 2  
38415 2  13821580 1  2982645 5  3174324 0  5243110 5  51210 1  13112350 3  15410165 4  56540 0  
38415 2  13821580 1  2982645 5  3174324 0  15410165 3  5243110 7  51210 1  13112350 1  56540 6  
38415 2  13821580 1  2982645 5  3174324 0  15410165 7  5243110 7  51210 1  13112350 1  56540 0  
38415 2  2982645 1  5243110 5  3174324 0  13112350 2  51210 1  13821580 6  15410165 0  56540 2  
38415 2  2982645 1  5243110 5  3174324 0  15410165 6  56540 5  51210 1  13112350 3  13821580 4  
38415 2  2982645 1  56540 5  3174324 0  51210 1  13821580 1  5243110 6  15410165 6  13112350 3  
38415 2  2982645 1  56540 5  3174324 0  13821580 5  51210 1  15410165 4  13112350 3  5243110 4  
38415 2  2982645 1  56540 5  3174324 0  5243110 5  51210 1  15410165 4  13112350 3  13821580 4  
38415 2  2982645 1  56540 5  5243110 0  13112350 1  51210 1  13821580 3  3174324 1  15410165 6  
38415 2  2982645 1  13821580 5  3174324 0  13112350 3  5243110 7  51210 1  15410165 0  56540 2  
38415 2  2982645 1  13821580 5  3174324 0  5243110 5  51210 1  13112350 3  15410165 4  56540 0  
38415 2  2982645 1  13821580 5  3174324 0  15410165 3  5243110 7  51210 1  13112350 1  56540 6  
38415 2  2982645 1  13821580 5  3174324 0  15410165 7  5243110 7  51210 1  13112350 1  56540 0  
38415 2  56540 2  3174324 0  13112350 1  5243110 3  15410165 6  51210 1  2982645 6  13821580 4  
38415 2  56540 2  3174324 0  13112350 1  5243110 3  2982645 7  13821580 0  15410165 0  51210 0  
38415 2  56540 4  13821580 0  15410165 5  2982645 4  5243110 1  13112350 2  3174324 3  51210 0  
38415 2  56540 4  13821580 0  15410165 5  2982645 4  51210 1  3174324 2  13112350 3  5243110 0  
38415 2  56540 4  13821580 0  13112350 2  2982645 4  51210 1  15410165 3  3174324 2  5243110 0  
38415 2  15410165 1  13821580 6  3174324 0  5243110 3  2982645 7  51210 1  13112350 1  56540 0  
38415 4  13821580 1  2982645 5  3174324 3  13112350 3  5243110 7  51210 1  15410165 0  56540 2  
38415 4  13821580 1  2982645 5  3174324 3  5243110 5  51210 1  13112350 3  15410165 4  56540 0  
38415 4  13821580 1  2982645 5  3174324 3  15410165 3  5243110 7  51210 1  13112350 1  56540 6  
38415 4  13821580 1  2982645 5  3174324 3  15410165 7  5243110 7  51210 1  13112350 1  56540 0  
38415 4  13821580 6  5243110 4  13112350 3  51210 0  3174324 0  15410165 5  2982645 2  56540 6  
38415 4  2982645 1  5243110 5  3174324 3  13112350 2  51210 1  13821580 6  15410165 0  56540 2  
38415 4  2982645 1  5243110 5  3174324 3  15410165 6  56540 5  51210 1  13112350 3  13821580 4  
38415 4  2982645 1  56540 5  3174324 3  51210 1  13821580 1  5243110 6  15410165 6  13112350 3  
38415 4  2982645 1  56540 5  3174324 3  13821580 5  51210 1  15410165 4  13112350 3  5243110 4  
38415 4  2982645 1  56540 5  3174324 3  5243110 5  51210 1  15410165 4  13112350 3  13821580 4  
38415 4  2982645 1  56540 5  5243110 6  13112350 1  51210 1  13821580 3  3174324 1  15410165 6  
38415 4  2982645 1  13821580 5  3174324 3  13112350 3  5243110 7  51210 1  15410165 0  56540 2  
38415 4  2982645 1  13821580 5  3174324 3  5243110 5  51210 1  13112350 3  15410165 4  56540 0  
38415 4  2982645 1  13821580 5  3174324 3  15410165 3  5243110 7  51210 1  13112350 1  56540 6  
38415 4  2982645 1  13821580 5  3174324 3  15410165 7  5243110 7  51210 1  13112350 1  56540 0  
38415 4  5243110 2  56540 5  13112350 2  2982645 1  51210 1  13821580 3  3174324 1  15410165 6  
38415 4  5243110 2  56540 5  13112350 2  3174324 1  13821580 1  15410165 0  51210 0  2982645 6  
38415 4  5243110 2  56540 5  13112350 2  3174324 1  13821580 5  2982645 0  51210 0  15410165 6  
38415 4  56540 2  3174324 3  13112350 1  5243110 3  15410165 6  51210 1  2982645 6  13821580 4  
38415 4  56540 2  3174324 3  13112350 1  5243110 3  2982645 7  13821580 0  15410165 0  51210 0  
38415 4  15410165 1  13821580 6  3174324 3  5243110 3  2982645 7  51210 1  13112350 1  56540 0  
38415 5  3174324 1  2982645 5  15410165 0  13821580 1  51210 1  5243110 3  13112350 1  56540 0  
38415 5  3174324 1  2982645 5  15410165 0  5243110 0  13821580 1  56540 2  13112350 3  51210 0  
38415 5  3174324 1  5243110 4  15410165 0  13112350 3  13821580 1  56540 6  2982645 3  51210 0  
38415 5  3174324 1  5243110 4  15410165 0  13821580 3  2982645 7  51210 1  13112350 1  56540 0  
38415 5  3174324 1  5243110 4  15410165 0  2982645 3  13821580 1  56540 2  13112350 3  51210 0  
38415 7  3174324 2  51210 0  5243110 3  56540 7  13112350 1  15410165 6  2982645 6  13821580 4  
38415 7  3174324 2  51210 0  5243110 3  15410165 4  2982645 7  13821580 3  13112350 1  56540 0  
38415 7  3174324 2  51210 0  5243110 3  13821580 4  13112350 3  15410165 0  56540 0  2982645 6  
38415 7  51210 0  5243110 4  13112350 3  13821580 6  3174324 0  15410165 5  2982645 2  56540 6  
38415 7  5243110 5  2982645 1  56540 5  13112350 1  51210 1  13821580 3  3174324 1  15410165 6  
3174324 0  13821580 2  5243110 5  15410165 6  38415 5  56540 3  51210 1  2982645 3  13112350 1  
3174324 0  13821580 2  5243110 5  15410165 6  2982645 3  56540 5  51210 1  13112350 0  38415 3  
3174324 0  13821580 2  5243110 5  15410165 6  2982645 3  56540 5  51210 1  38415 7  13112350 3  
3174324 0  13821580 2  5243110 5  15410165 6  2982645 6  56540 3  51210 1  13112350 0  38415 2  
3174324 0  13821580 2  5243110 5  38415 3  51210 1  2982645 3  56540 5  13112350 3  15410165 6  
3174324 0  13821580 2  5243110 5  38415 3  51210 1  2982645 6  15410165 3  13112350 3  56540 0  
3174324 0  13821580 2  56540 5  15410165 6  38415 5  51210 1  2982645 3  13112350 1  5243110 3  
3174324 0  13821580 2  56540 5  15410165 6  51210 1  2982645 7  38415 0  5243110 3  13112350 3  
3174324 0  13821580 2  56540 5  15410165 6  51210 1  5243110 0  2982645 6  13112350 3  38415 4  
3174324 0  13821580 2  56540 5  15410165 6  51210 1  38415 1  2982645 2  13112350 3  5243110 6  
3174324 0  13821580 2  56540 5  15410165 6  2982645 3  38415 7  51210 1  13112350 0  5243110 6  
3174324 0  13821580 2  56540 5  15410165 6  2982645 6  5243110 0  13112350 3  51210 0  38415 4  
3174324 0  13821580 2  56540 5  15410165 6  2982645 6  51210 1  13112350 0  5243110 3  38415 2  
3174324 0  13821580 2  56540 5  15410165 6  2982645 6  51210 1  5243110 7  13112350 3  38415 4  
3174324 0  13821580 2  56540 5  15410165 6  5243110 1  51210 1  13112350 1  2982645 6  38415 4  
3174324 0  13821580 2  56540 5  15410165 6  5243110 5  51210 1  2982645 4  13112350 3  38415 4  
3174324 0  56540 2  15410165 3  38415 1  13112350 1  13821580 3  5243110 2  2982645 4  51210 0  
3174324 0  56540 2  15410165 3  38415 1  13112350 1  13821580 3  5243110 3  51210 1  2982645 0  
3174324 0  56540 2  15410165 3  38415 1  5243110 4  13821580 6  2982645 3  13112350 1  51210 0  
3174324 0  56540 2  15410165 3  38415 1  5243110 4  2982645 3  51210 1  13112350 0  13821580 4  
3174324 0  56540 2  15410165 3  38415 1  5243110 4  2982645 5  13112350 0  13821580 4  51210 0  
3174324 0  56540 2  15410165 3  38415 1  5243110 4  2982645 5  13112350 0  51210 0  13821580 6  
3174324 0  38415 2  2982645 5  15410165 6  13821580 1  51210 1  5243110 3  13112350 1  56540 0  
3174324 0  38415 2  2982645 5  15410165 6  5243110 0  13821580 1  56540 2  13112350 3  51210 0  
3174324 0  38415 2  2982645 5  13112350 3  5243110 7  13821580 5  15410165 3  51210 0  56540 0  
3174324 0  38415 2  5243110 4  15410165 6  13112350 3  13821580 1  56540 6  2982645 3  51210 0  
3174324 0  38415 2  5243110 4  15410165 6  13821580 3  2982645 7  51210 1  13112350 1  56540 0  
3174324 0  38415 2  5243110 4  15410165 6  2982645 3  13821580 1  56540 2  13112350 3  51210 0  
3174324 0  38415 5  51210 0  5243110 3  56540 7  13112350 1  15410165 6  2982645 6  13821580 4  
3174324 0  38415 5  51210 0  5243110 3  15410165 4  2982645 7  13821580 3  13112350 1  56540 0  
3174324 0  38415 5  51210 0  5243110 3  13821580 4  13112350 3  15410165 0  56540 0  2982645 6  
3174324 1  51210 0  56540 3  13821580 6  2982645 7  5243110 0  13112350 3  15410165 0  38415 4  
3174324 1  51210 0  56540 3  13821580 6  2982645 7  38415 1  13112350 2  15410165 0  5243110 6  
3174324 1  51210 0  56540 3  13821580 6  2982645 7  38415 5  13112350 0  5243110 5  15410165 0  
3174324 1  51210 0  56540 3  13821580 6  13112350 0  15410165 7  5243110 7  2982645 0  38415 2  
3174324 1  51210 0  56540 3  13821580 6  13112350 3  15410165 7  5243110 7  2982645 6  38415 4  
3174324 1  51210 0  15410165 3  13821580 6  2982645 7  38415 0  13112350 2  5243110 2  56540 0  
3174324 1  51210 0  15410165 3  13821580 6  2982645 7  38415 0  5243110 6  13112350 3  56540 0  
3174324 1  51210 0  15410165 3  13821580 6  38415 5  56540 6  2982645 3  13112350 0  5243110 2  
3174324 1  51210 0  15410165 3  13821580 6  13112350 0  38415 0  5243110 6  2982645 3  56540 6  
3174324 1  13821580 1  2982645 5  38415 6  13112350 3  5243110 7  51210 1  15410165 0  56540 2  
3174324 1  13821580 1  2982645 5  38415 6  5243110 5  51210 1  13112350 3  15410165 4  56540 0  
3174324 1  13821580 1  2982645 5  38415 6  15410165 3  5243110 7  51210 1  13112350 1  56540 6  
3174324 1  13821580 1  2982645 5  38415 6  15410165 7  5243110 7  51210 1  13112350 1  56540 0  
3174324 1  13821580 3  5243110 0  38415 5  51210 1  2982645 3  56540 5  13112350 3  15410165 6  
3174324 1  13821580 3  5243110 0  38415 5  51210 1  2982645 6  15410165 3  13112350 3  56540 0  
3174324 1  13821580 3  38415 0  13112350 2  56540 1  15410165 1  51210 1  2982645 4  5243110 0  
3174324 1  13821580 3  38415 0  13112350 2  56540 1  5243110 4  15410165 3  2982645 0  51210 0  
3174324 1  13821580 3  38415 0  15410165 5  51210 1  2982645 3  5243110 7  13112350 3  56540 6  
3174324 1  13821580 3  38415 0  15410165 5  56540 1  5243110 0  13112350 0  51210 0  2982645 6  
3174324 1  13821580 3  38415 0  15410165 5  56540 1  5243110 0  13112350 1  2982645 2  51210 0  
3174324 1  13821580 3  38415 0  15410165 5  56540 1  5243110 0  2982645 0  51210 0  13112350 3  
3174324 1  13821580 3  38415 0  15410165 5  56540 1  5243110 0  2982645 4  13112350 2  51210 0  
3174324 1  13821580 3  38415 0  15410165 5  56540 7  13112350 0  5243110 0  2982645 2  51210 0  
3174324 1  13821580 3  51210 0  5243110 3  56540 1  15410165 3  13112350 0  38415 4  2982645 6  
3174324 1  13821580 3  51210 0  38415 6  56540 1  13112350 1  15410165 4  2982645 6  5243110 4  
3174324 1  13821580 3  51210 0  38415 6  56540 7  15410165 0  13112350 1  2982645 6  5243110 4  
3174324 1  13821580 3  51210 0  38415 6  15410165 7  13112350 0  5243110 6  2982645 3  56540 6  
3174324 1  2982645 1  5243110 5  38415 6  13112350 2  51210 1  13821580 6  15410165 0  56540 2  
3174324 1  2982645 1  5243110 5  38415 6  15410165 6  56540 5  51210 1  13112350 3  13821580 4  
3174324 1  2982645 1  56540 5  38415 6  51210 1  13821580 1  5243110 6  15410165 6  13112350 3  
3174324 1  2982645 1  56540 5  38415 6  13821580 5  51210 1  15410165 4  13112350 3  5243110 4  
3174324 1  2982645 1  56540 5  38415 6  5243110 5  51210 1  15410165 4  13112350 3  13821580 4  
3174324 1  2982645 1  13821580 5  38415 6  13112350 3  5243110 7  51210 1  15410165 0  56540 2  
3174324 1  2982645 1  13821580 5  38415 6  5243110 5  51210 1  13112350 3  15410165 4  56540 0  
3174324 1  2982645 1  13821580 5  38415 6  15410165 3  5243110 7  51210 1  13112350 1  56540 6  
3174324 1  2982645 1  13821580 5  38415 6  15410165 7  5243110 7  51210 1  13112350 1  56540 0  
3174324 1  56540 2  13112350 1  38415 6  5243110 3  15410165 6  51210 1  2982645 6  13821580 4  
3174324 1  56540 2  13112350 1  38415 6  5243110 3  2982645 7  13821580 0  15410165 0  51210 0  
3174324 1  56540 4  15410165 5  13821580 6  2982645 3  38415 7  51210 1  13112350 0  5243110 6  
3174324 1  56540 4  15410165 5  13821580 6  2982645 6  5243110 0  13112350 3  51210 0  38415 4  
3174324 1  56540 4  15410165 5  13821580 6  2982645 6  51210 1  13112350 0  5243110 3  38415 2  
3174324 1  56540 4  15410165 5  13821580 6  2982645 6  51210 1  5243110 7  13112350 3  38415 4  
3174324 1  56540 4  15410165 5  13821580 6  5243110 1  51210 1  13112350 1  2982645 6  38415 4  
3174324 1  56540 4  15410165 5  13821580 6  5243110 5  51210 1  2982645 4  13112350 3  38415 4  
3174324 1  56540 4  15410165 5  13821580 6  38415 5  51210 1  2982645 3  13112350 1  5243110 3  
3174324 1  56540 4  15410165 5  13821580 6  51210 1  2982645 7  38415 0  5243110 3  13112350 3  
3174324 1  56540 4  15410165 5  13821580 6  51210 1  5243110 0  2982645 6  13112350 3  38415 4  
3174324 1  56540 4  15410165 5  13821580 6  51210 1  38415 1  2982645 2  13112350 3  5243110 6  
3174324 1  56540 4  13112350 2  13821580 6  2982645 6  5243110 0  15410165 3  51210 0  38415 4  
3174324 1  56540 4  13112350 2  13821580 6  2982645 6  51210 1  15410165 3  5243110 7  38415 4  
3174324 1  56540 4  13112350 2  13821580 6  5243110 0  38415 5  15410165 0  51210 0  2982645 6  
3174324 1  56540 4  13112350 2  13821580 6  5243110 0  51210 1  2982645 0  15410165 2  38415 2  
3174324 1  56540 4  13112350 2  13821580 6  5243110 0  51210 1  2982645 4  38415 6  15410165 6  
3174324 1  56540 4  13112350 2  13821580 6  5243110 0  51210 1  15410165 0  38415 0  2982645 2  
3174324 1  56540 4  13112350 2  13821580 6  5243110 0  51210 1  15410165 4  2982645 6  38415 4  
3174324 1  56540 4  13112350 2  13821580 6  5243110 0  2982645 7  38415 0  15410165 2  51210 0  
3174324 1  56540 4  13112350 2  13821580 6  5243110 5  51210 1  15410165 3  2982645 4  38415 4  
3174324 1  56540 4  13112350 2  13821580 6  51210 1  2982645 7  38415 0  15410165 3  5243110 3  
3174324 1  56540 4  13112350 2  13821580 6  51210 1  5243110 0  15410165 3  2982645 6  38415 4  
3174324 1  56540 4  13112350 2  13821580 6  51210 1  38415 1  15410165 3  2982645 2  5243110 6  
3174324 1  15410165 1  13821580 6  38415 6  5243110 3  2982645 7  51210 1  13112350 1  56540 0  
3174324 1  38415 3  51210 0  5243110 3  56540 7  13112350 1  15410165 6  2982645 6  13821580 4  
3174324 1  38415 3  51210 0  5243110 3  15410165 4  2982645 7  13821580 3  13112350 1  56540 0  
3174324 1  38415 3  51210 0  5243110 3  13821580 4  13112350 3  15410165 0  56540 0  2982645 6  
3174324 2  13821580 1  2982645 5  38415 0  13112350 3  5243110 7  51210 1  15410165 0  56540 2  
3174324 2  13821580 1  2982645 5  38415 0  5243110 5  51210 1  13112350 3  15410165 4  56540 0  
3174324 2  13821580 1  2982645 5  38415 0  15410165 3  5243110 7  51210 1  13112350 1  56540 6  
3174324 2  13821580 1  2982645 5  38415 0  15410165 7  5243110 7  51210 1  13112350 1  56540 0  
3174324 2  2982645 1  5243110 5  38415 0  13112350 2  51210 1  13821580 6  15410165 0  56540 2  
3174324 2  2982645 1  5243110 5  38415 0  15410165 6  56540 5  51210 1  13112350 3  13821580 4  
3174324 2  2982645 1  56540 5  38415 0  51210 1  13821580 1  5243110 6  15410165 6  13112350 3  
3174324 2  2982645 1  56540 5  38415 0  13821580 5  51210 1  15410165 4  13112350 3  5243110 4  
3174324 2  2982645 1  56540 5  38415 0  5243110 5  51210 1  15410165 4  13112350 3  13821580 4  
3174324 2  2982645 1  13821580 5  38415 0  13112350 3  5243110 7  51210 1  15410165 0  56540 2  
3174324 2  2982645 1  13821580 5  38415 0  5243110 5  51210 1  13112350 3  15410165 4  56540 0  
3174324 2  2982645 1  13821580 5  38415 0  15410165 3  5243110 7  51210 1  13112350 1  56540 6  
3174324 2  2982645 1  13821580 5  38415 0  15410165 7  5243110 7  51210 1  13112350 1  56540 0  
3174324 2  5243110 1  2982645 5  56540 7  38415 4  51210 1  15410165 3  13112350 2  13821580 6  
3174324 2  5243110 2  56540 5  13112350 3  38415 7  13821580 1  15410165 0  51210 0  2982645 6  
3174324 2  5243110 2  56540 5  13112350 3  38415 7  13821580 5  2982645 0  51210 0  15410165 6  
3174324 2  56540 2  13112350 1  38415 0  5243110 3  15410165 6  51210 1  2982645 6  13821580 4  
3174324 2  56540 2  13112350 1  38415 0  5243110 3  2982645 7  13821580 0  15410165 0  51210 0  
3174324 2  15410165 1  13821580 6  38415 0  5243110 3  2982645 7  51210 1  13112350 1  56540 0  
3174324 2  15410165 3  38415 0  13112350 2  13821580 7  5243110 5  56540 3  2982645 2  51210 0  
3174324 2  15410165 3  51210 0  38415 7  5243110 3  2982645 7  13112350 0  13821580 4  56540 0  
51210 0  38415 0  13112350 2  13821580 2  5243110 1  2982645 3  56540 5  3174324 3  15410165 6  
51210 0  38415 0  13112350 2  13821580 2  5243110 1  2982645 6  15410165 3  3174324 3  56540 0  
51210 0  38415 0  15410165 5  13821580 2  5243110 1  2982645 6  13112350 3  3174324 3  56540 0  
51210 1  13112350 1  5243110 6  56540 3  38415 3  13821580 3  3174324 0  15410165 6  2982645 6  
51210 1  13112350 1  5243110 6  56540 3  38415 3  2982645 7  13821580 1  3174324 3  15410165 0  
51210 1  13112350 1  5243110 6  15410165 3  38415 3  3174324 0  13821580 6  2982645 3  56540 6  
51210 1  13821580 7  56540 4  38415 2  2982645 1  3174324 0  15410165 6  13112350 0  5243110 5  
51210 1  13821580 7  56540 4  38415 2  2982645 5  3174324 0  15410165 6  13112350 1  5243110 0  
51210 1  13821580 7  56540 4  38415 2  5243110 4  3174324 0  2982645 3  15410165 6  13112350 1  
51210 1  13821580 7  56540 4  13112350 2  5243110 5  3174324 0  2982645 3  15410165 6  38415 1  
51210 1  13821580 7  56540 4  13112350 2  5243110 5  3174324 0  38415 3  15410165 6  2982645 0  
51210 1  13821580 7  56540 4  13112350 2  3174324 0  15410165 7  5243110 7  2982645 0  38415 2  
51210 1  15410165 1  2982645 5  38415 1  5243110 0  3174324 0  13821580 2  13112350 3  56540 6  
51210 1  15410165 1  2982645 5  38415 1  5243110 5  3174324 0  13821580 3  13112350 2  56540 6  
51210 1  15410165 1  5243110 2  13112350 1  38415 6  3174324 0  13821580 6  2982645 3  56540 6  
51210 1  15410165 1  5243110 4  38415 1  13112350 3  3174324 0  13821580 6  2982645 3  56540 6  
51210 1  15410165 1  5243110 4  38415 1  2982645 3  3174324 0  13821580 2  13112350 3  56540 6  
13112350 0  2982645 5  38415 0  15410165 5  5243110 4  3174324 0  56540 4  13821580 6  51210 0  
13112350 0  2982645 5  51210 0  5243110 3  56540 7  38415 1  13821580 7  3174324 1  15410165 6  
13112350 0  2982645 5  51210 0  56540 3  5243110 4  13821580 1  38415 1  3174324 3  15410165 0  
13112350 0  2982645 5  51210 0  56540 3  5243110 4  13821580 1  38415 7  3174324 2  15410165 0  
13112350 0  2982645 5  51210 0  56540 3  5243110 4  13821580 1  3174324 0  38415 5  15410165 0  
13112350 0  2982645 5  51210 0  56540 3  5243110 4  13821580 1  3174324 1  38415 3  15410165 0  
13112350 0  2982645 5  51210 0  38415 6  5243110 4  56540 6  15410165 3  3174324 0  13821580 4  
13112350 0  2982645 5  51210 0  38415 6  5243110 4  15410165 5  3174324 0  56540 2  13821580 0  
13112350 0  2982645 5  51210 0  38415 6  5243110 4  15410165 5  3174324 1  13821580 4  56540 6  
13112350 0  2982645 5  51210 0  38415 6  5243110 4  15410165 5  13821580 2  3174324 2  56540 0  
13112350 0  2982645 5  51210 0  38415 6  5243110 4  15410165 5  56540 4  3174324 3  13821580 6  
13112350 0  2982645 5  51210 0  38415 6  5243110 4  3174324 3  15410165 3  13821580 2  56540 0  
13112350 0  5243110 4  51210 0  15410165 6  38415 6  3174324 0  13821580 6  2982645 3  56540 6  
13112350 0  56540 2  13821580 5  38415 2  2982645 4  51210 1  15410165 3  3174324 2  5243110 0  
13112350 0  56540 2  5243110 5  38415 2  15410165 4  3174324 2  13821580 3  2982645 4  51210 0  
13112350 0  56540 4  38415 5  15410165 4  5243110 4  3174324 2  2982645 0  51210 0  13821580 6  
13112350 0  56540 4  38415 5  15410165 4  5243110 4  3174324 2  2982645 0  13821580 4  51210 0  
13112350 0  56540 4  13821580 5  38415 4  2982645 4  51210 1  15410165 3  3174324 2  5243110 0  
13112350 0  56540 4  13821580 6  15410165 6  38415 6  51210 1  2982645 5  3174324 1  5243110 6  
13112350 0  56540 4  13821580 6  15410165 6  38415 6  51210 1  5243110 6  2982645 3  3174324 0  
13112350 0  56540 4  5243110 5  38415 4  15410165 4  3174324 2  13821580 3  2982645 4  51210 0  
13112350 1  13821580 0  15410165 5  3174324 0  56540 7  5243110 0  38415 0  2982645 2  51210 0  
13112350 1  13821580 1  2982645 5  5243110 5  56540 1  51210 1  15410165 3  38415 1  3174324 3  
13112350 1  13821580 1  2982645 5  5243110 5  56540 1  51210 1  15410165 3  38415 7  3174324 2  
13112350 1  13821580 1  2982645 5  5243110 5  56540 1  51210 1  15410165 3  3174324 0  38415 5  
13112350 1  13821580 1  2982645 5  5243110 5  56540 1  51210 1  15410165 3  3174324 1  38415 3  
13112350 1  13821580 1  2982645 5  5243110 5  56540 7  38415 7  51210 1  15410165 3  3174324 3  
13112350 1  13821580 6  2982645 5  5243110 2  56540 1  51210 1  15410165 3  38415 1  3174324 3  
13112350 1  13821580 6  2982645 5  5243110 2  56540 1  51210 1  15410165 3  38415 7  3174324 2  
13112350 1  13821580 6  2982645 5  5243110 2  56540 1  51210 1  15410165 3  3174324 0  38415 5  
13112350 1  13821580 6  2982645 5  5243110 2  56540 1  51210 1  15410165 3  3174324 1  38415 3  
13112350 1  13821580 6  2982645 5  5243110 2  56540 7  38415 7  51210 1  15410165 3  3174324 3  
13112350 1  2982645 1  56540 5  5243110 5  38415 1  51210 1  13821580 3  3174324 1  15410165 6  
13112350 1  2982645 1  56540 5  5243110 5  38415 5  51210 1  13821580 7  3174324 1  15410165 6  
13112350 1  2982645 1  56540 5  5243110 5  13821580 1  51210 1  38415 3  3174324 1  15410165 6  
13112350 1  2982645 1  56540 5  5243110 5  13821580 5  51210 1  38415 7  3174324 1  15410165 6  
13112350 1  2982645 1  13821580 5  5243110 5  56540 1  51210 1  15410165 3  38415 1  3174324 3  
13112350 1  2982645 1  13821580 5  5243110 5  56540 1  51210 1  15410165 3  38415 7  3174324 2  
13112350 1  2982645 1  13821580 5  5243110 5  56540 1  51210 1  15410165 3  3174324 0  38415 5  
13112350 1  2982645 1  13821580 5  5243110 5  56540 1  51210 1  15410165 3  3174324 1  38415 3  
13112350 1  2982645 1  13821580 5  5243110 5  56540 7  38415 7  51210 1  15410165 3  3174324 3  
13112350 1  5243110 2  56540 5  3174324 2  2982645 0  51210 1  38415 6  15410165 6  13821580 0  
13112350 1  5243110 2  13821580 5  3174324 2  2982645 0  51210 1  15410165 3  38415 6  56540 0  
13112350 1  56540 2  38415 3  2982645 4  5243110 3  15410165 6  13821580 1  3174324 3  51210 0  
13112350 1  56540 2  38415 3  2982645 4  5243110 3  13821580 7  51210 1  3174324 1  15410165 6  
13112350 1  56540 2  13821580 3  2982645 4  5243110 3  15410165 6  38415 1  3174324 3  51210 0  
13112350 1  56540 2  13821580 3  2982645 4  5243110 3  15410165 6  3174324 0  38415 5  51210 0  
13112350 1  56540 2  13821580 3  2982645 4  5243110 3  38415 3  15410165 4  3174324 3  51210 0  
13112350 1  56540 2  13821580 3  2982645 4  38415 6  15410165 3  51210 1  3174324 0  5243110 2  
13112350 1  56540 4  38415 3  5243110 7  15410165 5  13821580 1  51210 1  3174324 1  2982645 6  
13112350 1  56540 4  3174324 0  15410165 5  5243110 7  13821580 1  38415 2  2982645 6  51210 0  
13112350 1  56540 4  3174324 0  15410165 5  5243110 7  13821580 5  2982645 2  38415 3  51210 0  
13112350 1  56540 4  5243110 0  38415 2  15410165 4  3174324 2  13821580 3  2982645 4  51210 0  
13112350 1  38415 6  51210 0  2982645 1  5243110 3  56540 7  13821580 7  3174324 1  15410165 6  
13112350 1  51210 0  56540 3  38415 3  5243110 7  13821580 3  3174324 0  15410165 6  2982645 6  
13112350 1  51210 0  56540 3  38415 3  5243110 7  2982645 7  13821580 1  3174324 3  15410165 0  
13112350 1  51210 0  56540 3  3174324 0  5243110 7  15410165 3  38415 4  2982645 6  13821580 0  
13112350 1  51210 0  56540 3  3174324 0  5243110 7  13821580 3  38415 6  15410165 6  2982645 6  
13112350 1  51210 0  56540 3  13821580 3  5243110 7  15410165 6  3174324 0  2982645 6  38415 4  
13112350 1  51210 0  56540 3  13821580 3  5243110 7  15410165 6  2982645 0  3174324 3  38415 2  
13112350 1  51210 0  56540 3  13821580 3  5243110 7  2982645 7  38415 1  3174324 3  15410165 0  
13112350 1  51210 0  56540 3  13821580 3  5243110 7  2982645 7  38415 7  3174324 2  15410165 0  
13112350 1  51210 0  56540 3  13821580 3  5243110 7  2982645 7  3174324 0  38415 5  15410165 0  
13112350 1  51210 0  56540 3  13821580 3  5243110 7  2982645 7  3174324 1  38415 3  15410165 0  
13112350 1  51210 0  56540 3  5243110 0  13821580 4  2982645 7  38415 1  3174324 3  15410165 0  
13112350 1  51210 0  56540 3  5243110 0  13821580 4  2982645 7  38415 7  3174324 2  15410165 0  
13112350 1  51210 0  56540 3  5243110 0  13821580 4  2982645 7  3174324 0  38415 5  15410165 0  
13112350 1  51210 0  56540 3  5243110 0  13821580 4  2982645 7  3174324 1  38415 3  15410165 0  
13112350 1  51210 0  56540 3  5243110 0  13821580 4  15410165 6  3174324 0  2982645 6  38415 4  
13112350 1  51210 0  56540 3  5243110 0  13821580 4  15410165 6  2982645 0  3174324 3  38415 2  
13112350 1  51210 0  56540 3  5243110 0  2982645 4  15410165 6  3174324 3  13821580 0  38415 2  
13112350 1  51210 0  56540 3  5243110 0  2982645 4  15410165 6  3174324 3  13821580 4  38415 6  
13112350 1  51210 0  56540 3  5243110 0  2982645 4  15410165 6  3174324 3  38415 0  13821580 2  
13112350 1  51210 0  56540 3  5243110 0  2982645 4  15410165 6  3174324 3  38415 4  13821580 6  
13112350 1  51210 0  15410165 3  38415 3  5243110 7  3174324 0  13821580 6  2982645 3  56540 6  
13112350 1  51210 0  15410165 3  3174324 0  5243110 7  56540 6  2982645 3  38415 0  13821580 2  
13112350 1  51210 0  15410165 3  3174324 0  5243110 7  56540 6  2982645 3  38415 4  13821580 6  
13112350 1  51210 0  15410165 3  3174324 0  5243110 7  56540 6  2982645 3  13821580 0  38415 2  
13112350 1  51210 0  15410165 3  3174324 0  5243110 7  56540 6  2982645 3  13821580 4  38415 6  
13112350 1  51210 0  15410165 3  3174324 0  5243110 7  13821580 6  2982645 3  38415 0  56540 0  
13112350 1  51210 0  15410165 3  3174324 0  5243110 7  13821580 6  2982645 3  38415 6  56540 6  
13112350 1  51210 0  15410165 3  3174324 0  5243110 7  2982645 5  38415 2  13821580 4  56540 6  
13112350 1  51210 0  15410165 3  3174324 0  5243110 7  2982645 5  38415 4  56540 0  13821580 2  
13112350 2  13821580 1  2982645 5  56540 1  38415 1  51210 1  15410165 3  3174324 2  5243110 0  
13112350 2  13821580 1  2982645 5  56540 7  38415 7  51210 1  15410165 3  3174324 2  5243110 0  
13112350 2  2982645 1  56540 5  13821580 1  38415 1  51210 1  5243110 7  3174324 1  15410165 6  
13112350 2  2982645 1  56540 5  5243110 1  38415 1  51210 1  13821580 7  3174324 1  15410165 6  
13112350 2  2982645 1  13821580 5  56540 1  38415 1  51210 1  15410165 3  3174324 2  5243110 0  
13112350 2  2982645 1  13821580 5  56540 7  38415 7  51210 1  15410165 3  3174324 2  5243110 0  
13112350 2  56540 2  2982645 0  38415 4  5243110 3  15410165 6  13821580 1  3174324 3  51210 0  
13112350 2  56540 2  2982645 0  38415 4  5243110 3  13821580 7  51210 1  3174324 1  15410165 6  
13112350 2  56540 4  5243110 1  15410165 5  38415 6  13821580 1  51210 1  3174324 1  2982645 6  
13112350 2  15410165 3  51210 0  5243110 1  38415 6  3174324 0  13821580 6  2982645 3  56540 6  
13112350 2  15410165 3  51210 0  56540 1  38415 6  13821580 3  2982645 5  3174324 1  5243110 6  
13112350 2  15410165 3  51210 0  56540 1  38415 6  13821580 3  5243110 6  2982645 3  3174324 0  
13112350 2  15410165 3  5243110 0  38415 5  56540 1  3174324 2  13821580 3  2982645 4  51210 0  
13112350 2  38415 1  5243110 6  56540 3  2982645 0  15410165 6  13821580 1  3174324 3  51210 0  
13112350 2  38415 1  5243110 6  56540 3  2982645 0  13821580 7  51210 1  3174324 1  15410165 6  
13112350 2  38415 1  5243110 6  15410165 3  2982645 0  56540 0  3174324 2  51210 0  13821580 0  
13112350 2  51210 0  56540 3  5243110 1  38415 6  13821580 3  3174324 0  15410165 6  2982645 6  
13112350 2  51210 0  56540 3  5243110 1  38415 6  2982645 7  13821580 1  3174324 3  15410165 0  
13112350 2  51210 0  15410165 3  5243110 1  38415 6  3174324 0  13821580 6  2982645 3  56540 6  
13112350 2  51210 0  15410165 3  56540 1  38415 6  13821580 3  2982645 5  3174324 1  5243110 6  
13112350 2  51210 0  15410165 3  56540 1  38415 6  13821580 3  5243110 6  2982645 3  3174324 0  
